60.009218 93.318762 34.560000
60.009218 93.318762 34.560000
59.972359 91.597681 34.560000
59.950164 89.877136 34.560000
59.938914 88.157150 34.560000
59.934888 86.437749 34.560000
59.934432 84.718836 34.560000
59.955458 82.965599 34.560000
60.012665 81.176603 34.560000
60.103853 79.389560 34.560000
60.226827 77.642184 34.560000
60.379388 75.972188 34.560000
60.559340 74.417286 34.560000
61.060441 72.980261 34.560000
62.052292 71.624241 34.560000
63.345742 70.327510 34.560000
64.751644 69.068352 34.560000
66.080846 67.825050 34.560000
67.290526 66.605360 34.560000
68.559868 65.439055 34.560000
69.855034 64.294602 34.560000
71.135493 63.138883 34.560000
72.360714 61.938782 34.560000
73.595340 60.680625 34.560000
75.002214 59.396211 34.560000
76.197340 58.048598 34.560000
76.754902 56.594436 34.560000
76.695362 54.861542 34.560000
76.501424 53.272962 34.560000
75.768843 51.956148 34.560000
74.521811 50.756449 34.560000
72.974083 49.644510 34.560000
71.339415 48.590976 34.560000
69.831560 47.566491 34.560000
68.455877 46.454154 34.560000
67.044495 45.262118 34.560000
65.591848 44.176937 34.560000
64.092630 43.385344 34.560000
62.540375 43.070794 34.560000
60.821361 43.002952 34.560000
58.948872 42.947713 34.560000
57.045113 42.905244 34.560000
55.232290 42.875710 34.560000
53.632607 42.859278 34.560000
52.352193 42.891461 34.560000
51.178852 43.606040 34.560000
50.069190 45.019587 34.560000
49.102423 46.844456 34.560000
48.357769 48.793005 34.560000
47.914445 50.577588 34.560000
47.708786 52.204505 34.560000
47.571623 53.907354 34.560000
47.466016 55.653671 34.560000
47.355416 57.410193 34.560000
47.203275 59.143658 34.560000
46.941232 60.838433 34.560000
46.526773 62.519853 34.560000
46.037759 64.194358 34.560000
45.555273 65.867389 34.560000
45.160397 67.544388 34.560000
44.934212 69.230795 34.560000
44.916626 70.932908 34.560000
44.963964 72.653399 34.560000
45.048759 74.382387 34.560000
45.164211 76.109007 34.560000
45.303522 77.822393 34.560000
45.472187 79.519415 34.560000
45.771500 81.247083 34.560000
46.203734 82.970926 34.560000
46.741861 84.636148 34.560000
47.358854 86.187950 34.560000
48.108794 87.671929 34.560000
49.140847 89.216314 34.560000
50.379200 90.637128 34.560000
51.737181 91.736154 34.560000
53.134429 92.334566 34.560000
54.646179 92.720661 34.560000
56.307908 93.033166 34.560000
58.101594 93.242419 34.560000
60.009218 93.318762 34.560000
59.927963 93.291302 43.200000
59.927963 93.291302 43.200000
60.335704 91.770421 43.200000
60.698465 90.245727 43.200000
60.983428 88.716959 43.200000
61.157777 87.183859 43.200000
61.193124 85.645299 43.200000
61.141726 84.090441 43.200000
61.046576 82.523962 43.200000
60.931620 80.956020 43.200000
60.820803 79.396774 43.200000
60.738071 77.856380 43.200000
60.707643 76.344925 43.200000
60.888858 74.835417 43.200000
61.344421 73.322105 43.200000
61.989506 71.837395 43.200000
62.739291 70.413692 43.200000
63.508953 69.083404 43.200000
64.363123 67.879516 43.200000
65.458765 66.784515 43.200000
66.677293 65.741404 43.200000
67.894954 64.692812 43.200000
68.988001 63.581367 43.200000
69.894739 62.354334 43.200000
70.835176 61.016529 43.200000
71.769791 59.606821 43.200000
72.612186 58.163994 43.200000
73.275967 56.726833 43.200000
73.674736 55.334122 43.200000
73.705517 54.009480 43.200000
73.189817 52.646465 43.200000
72.241624 51.285617 43.200000
71.039292 50.013598 43.200000
69.761173 48.917068 43.200000
68.556605 48.057931 43.200000
67.225821 47.241847 43.200000
65.755654 46.519840 43.200000
64.228302 46.034063 43.200000
62.716222 45.912916 43.200000
61.110333 45.970821 43.200000
59.453919 46.095864 43.200000
57.875814 46.276715 43.200000
56.504854 46.502041 43.200000
55.317186 47.025825 43.200000
54.190055 48.064694 43.200000
53.158732 49.436065 43.200000
52.259085 50.956106 43.200000
51.526982 52.440988 43.200000
50.970158 53.835803 43.200000
50.519263 55.330630 43.200000
50.137043 56.866435 43.200000
49.793124 58.382116 43.200000
49.488098 59.901489 43.200000
49.211777 61.429526 43.200000
48.950055 62.961812 43.200000
48.688828 64.493931 43.200000
48.414552 66.022063 43.200000
48.127509 67.548291 43.200000
47.842211 69.074892 43.200000
47.573813 70.603577 43.200000
47.337470 72.136063 43.200000
47.108836 73.673916 43.200000
46.875881 75.216050 43.200000
46.685104 76.760055 43.200000
46.583105 78.303519 43.200000
46.599591 79.869770 43.200000
46.703912 81.498437 43.200000
46.880677 83.127586 43.200000
47.116597 84.689796 43.200000
47.398385 86.117645 43.200000
47.781900 87.404433 43.200000
48.546627 88.753525 43.200000
49.635976 90.092137 43.200000
50.947916 91.308672 43.200000
52.380416 92.291531 43.200000
53.831446 92.929116 43.200000
55.216403 93.138339 43.200000
56.684768 93.218145 43.200000
58.267522 93.271719 43.200000
59.927963 93.291302 43.200000
60.273504 90.816239 51.840000
60.273504 90.816239 51.840000
60.283637 89.240081 51.840000
60.311019 87.665549 51.840000
60.351129 86.092859 51.840000
60.399443 84.522225 51.840000
60.469210 82.946611 51.840000
60.580000 81.362450 51.840000
60.729276 79.778846 51.840000
60.914417 78.204943 51.840000
61.132798 76.649888 51.840000
61.381798 75.122826 51.840000
61.715121 73.613441 51.840000
62.217292 72.103090 51.840000
62.849982 70.617434 51.840000
63.571942 69.183168 51.840000
64.341923 67.826985 51.840000
65.208089 66.581236 51.840000
66.298748 65.441814 51.840000
67.496801 64.350647 51.840000
68.675041 63.248230 51.840000
69.706266 62.075055 51.840000
70.573322 60.785237 51.840000
71.478127 59.402264 51.840000
72.343771 57.958836 51.840000
73.074470 56.486585 51.840000
73.574437 55.017144 51.840000
73.747808 53.581805 51.840000
73.506276 52.088547 51.840000
72.906664 50.526742 51.840000
72.062694 49.012368 51.840000
71.088089 47.661404 51.840000
70.096571 46.589827 51.840000
68.978476 45.681178 51.840000
67.605993 44.798693 51.840000
66.077302 44.040017 51.840000
64.490596 43.502818 51.840000
62.944071 43.284761 51.840000
61.397735 43.340530 51.840000
59.757235 43.514505 51.840000
58.092433 43.788755 51.840000
56.473774 44.145899 51.840000
54.971702 44.568554 51.840000
53.656662 45.039337 51.840000
52.456572 45.761971 51.840000
51.283746 46.899013 51.840000
50.233361 48.291423 51.840000
49.401031 49.779440 51.840000
48.877423 51.208426 51.840000
48.523888 52.664537 51.840000
48.232959 54.211030 51.840000
47.997035 55.809356 51.840000
47.808517 57.420964 51.840000
47.659795 59.007322 51.840000
47.528889 60.572278 51.840000
47.405139 62.141438 51.840000
47.295734 63.713553 51.840000
47.207860 65.287373 51.840000
47.148704 66.861650 51.840000
47.125453 68.435133 51.840000
47.127661 70.008755 51.840000
47.135036 71.583953 51.840000
47.147148 73.159276 51.840000
47.163652 74.733265 51.840000
47.184204 76.304458 51.840000
47.232753 77.896663 51.840000
47.350426 79.528755 51.840000
47.529491 81.150670 51.840000
47.761056 82.710926 51.840000
48.036232 84.158040 51.840000
48.469433 85.579995 51.840000
49.242864 87.130484 51.840000
50.279609 88.661477 51.840000
51.496963 90.018297 51.840000
52.812218 91.046265 51.840000
54.142668 91.590704 51.840000
55.466231 91.634446 51.840000
56.946924 91.564655 51.840000
58.563478 91.326486 51.840000
60.273504 90.816239 51.840000
59.368290 88.922893 60.480000
59.485514 87.435125 60.480000
59.613014 85.948462 60.480000
59.747007 84.460685 60.480000
59.881312 82.966684 60.480000
60.029711 81.475241 60.480000
60.207758 79.996422 60.480000
60.433004 78.538473 60.480000
60.749261 77.079486 60.480000
61.157609 75.621958 60.480000
61.642713 74.181384 60.480000
62.189241 72.773258 60.480000
62.781856 71.413074 60.480000
63.420351 70.116275 60.480000
64.211654 68.885462 60.480000
65.128768 67.700353 60.480000
66.108684 66.538526 60.480000
67.088396 65.377557 60.480000
68.018118 64.200139 60.480000
68.987655 63.041691 60.480000
69.980871 61.894038 60.480000
70.938954 60.732207 60.480000
71.803093 59.531224 60.480000
72.521309 58.265023 60.480000
73.229675 56.894670 60.480000
73.815541 55.468204 60.480000
74.025163 54.062949 60.480000
73.689604 52.643917 60.480000
72.979508 51.237158 60.480000
72.145025 49.955390 60.480000
71.275031 48.824126 60.480000
70.212573 47.747808 60.480000
69.016512 46.756941 60.480000
67.751925 45.885501 60.480000
66.480171 45.161235 60.480000
65.146593 44.456060 60.480000
63.737986 43.814583 60.480000
62.291204 43.381787 60.480000
60.831396 43.283175 60.480000
59.268208 43.324111 60.480000
57.741429 43.407354 60.480000
56.445083 43.562822 60.480000
55.267451 44.262433 60.480000
54.178090 45.444532 60.480000
53.222321 46.850644 60.480000
52.445465 48.222290 60.480000
51.822184 49.524369 60.480000
51.281181 50.935422 60.480000
50.839696 52.398224 60.480000
50.513993 53.854954 60.480000
50.251982 55.315402 60.480000
50.026196 56.794942 60.480000
49.843000 58.284678 60.480000
49.708758 59.775713 60.480000
49.623482 61.262321 60.480000
49.562174 62.751549 60.480000
49.514830 64.243327 60.480000
49.473701 65.736479 60.480000
49.431039 67.229825 60.480000
49.379097 68.722188 60.480000
49.305204 70.212630 60.480000
49.193709 71.701926 60.480000
49.073943 73.190877 60.480000
48.980050 74.680184 60.480000
48.945869 76.170768 60.480000
48.945869 77.688339 60.480000
48.945869 79.200596 60.480000
48.947974 80.637658 60.480000
49.188347 82.071816 60.480000
49.765644 83.531995 60.480000
50.591497 84.948730 60.480000
51.577537 86.252560 60.480000
52.635395 87.374022 60.480000
53.677755 88.244458 60.480000
54.822971 88.953086 60.480000
56.166376 89.573463 60.480000
57.661559 90.071143 60.480000
59.262108 90.411681 60.480000
59.262108 90.411681 60.480000
59.368290 88.922893 60.480000
61.249228 87.317373 69.120000
61.249228 87.317373 69.120000
61.288263 85.934125 69.120000
61.341441 84.551733 69.120000
61.406339 83.170234 69.120000
61.480537 81.789664 69.120000
61.561606 80.410024 69.120000
61.645659 79.007457 69.120000
61.736955 77.579971 69.120000
61.844595 76.154653 69.120000
61.977678 74.758592 69.120000
62.145307 73.418876 69.120000
62.357721 72.162443 69.120000
62.829479 70.979916 69.120000
63.625034 69.848872 69.120000
64.614311 68.765405 69.120000
65.667235 67.725608 69.120000
66.657696 66.726463 69.120000
67.692756 65.804774 69.120000
68.819321 64.946876 69.120000
69.960143 64.104541 69.120000
71.037974 63.229542 69.120000
71.975564 62.273652 69.120000
72.815326 61.185838 69.120000
73.688015 59.973002 69.120000
74.470170 58.697007 69.120000
75.031594 57.420525 69.120000
75.242101 56.206178 69.120000
75.037082 54.966337 69.120000
74.489558 53.637738 69.120000
73.678746 52.304250 69.120000
72.683865 51.049737 69.120000
71.584131 49.958068 69.120000
70.458764 49.113108 69.120000
69.380358 48.592012 69.120000
68.180326 48.212833 69.120000
66.813679 47.878038 69.120000
65.361756 47.611264 69.120000
63.905897 47.436146 69.120000
62.527207 47.376449 69.120000
61.156273 47.523808 69.120000
59.738430 47.904051 69.120000
58.344125 48.460346 69.120000
57.043805 49.135862 69.120000
55.907918 49.873764 69.120000
54.993500 50.637753 69.120000
54.177541 51.635807 69.120000
53.434509 52.859374 69.120000
52.792730 54.209394 69.120000
52.280533 55.586807 69.120000
51.918463 56.904277 69.120000
51.627828 58.235805 69.120000
51.380920 59.603507 69.120000
51.177813 60.990533 69.120000
51.018583 62.380036 69.120000
50.900499 63.757460 69.120000
50.796220 65.134364 69.120000
50.702118 66.514694 69.120000
50.622346 67.897258 69.120000
50.561058 69.280866 69.120000
50.522407 70.664327 69.120000
50.508279 72.047074 69.120000
50.500439 73.432980 69.120000
50.494180 74.820175 69.120000
50.489714 76.205238 69.120000
50.487250 77.584751 69.120000
50.498483 78.965352 69.120000
50.626528 80.415388 69.120000
50.872575 81.878707 69.120000
51.207492 83.269032 69.120000
51.602149 84.500086 69.120000
52.102441 85.551524 69.120000
52.977287 86.630662 69.120000
54.142658 87.677406 69.120000
55.470224 88.595053 69.120000
56.831652 89.286899 69.120000
58.098611 89.656241 69.120000
59.190052 89.523749 69.120000
60.231336 88.643116 69.120000
61.249228 87.317373 69.120000
63.094110 71.588670 77.760000
63.598160 70.650969 77.760000
64.136530 69.728826 77.760000
64.136530 69.728826 77.760000
64.764146 68.858749 77.760000
65.413894 68.008635 77.760000
66.085533 67.180659 77.760000
66.778817 66.377000 77.760000
67.493505 65.599834 77.760000
68.232635 64.853144 77.760000
69.020761 64.150164 77.760000
69.848218 63.480416 77.760000
70.696729 62.828203 77.760000
71.548018 62.177828 77.760000
72.383811 61.513597 77.760000
73.185831 60.819812 77.760000
73.967220 60.084914 77.760000
74.880740 59.325779 77.760000
75.658713 58.522594 77.760000
75.948987 57.644619 77.760000
75.808898 56.568024 77.760000
75.527373 55.526506 77.760000
75.090487 54.716409 77.760000
74.371402 53.955330 77.760000
73.458553 53.261385 77.760000
72.443428 52.656601 77.760000
71.417516 52.163004 77.760000
70.456121 51.791339 77.760000
69.466357 51.451729 77.760000
68.430700 51.138959 77.760000
67.368582 50.876859 77.760000
66.299432 50.689261 77.760000
65.242679 50.599995 77.760000
64.193988 50.630231 77.760000
63.117341 50.773068 77.760000
62.037148 51.005001 77.760000
60.980742 51.302322 77.760000
59.975454 51.641319 77.760000
59.047926 51.999092 77.760000
58.135557 52.458165 77.760000
57.211536 53.063743 77.760000
56.315683 53.784214 77.760000
55.487818 54.587969 77.760000
54.767763 55.443394 77.760000
54.195337 56.318879 77.760000
53.797382 57.192077 77.760000
53.452737 58.142597 77.760000
53.139228 59.171821 77.760000
52.878862 60.248741 77.760000
52.693651 61.342349 77.760000
52.605605 62.421636 77.760000
52.606384 63.477923 77.760000
52.628400 64.547610 77.760000
52.666165 65.622829 77.760000
52.717785 66.693099 77.760000
52.781368 67.747940 77.760000
52.862251 68.778209 77.760000
53.067997 69.797067 77.760000
53.406747 70.807114 77.760000
53.841571 71.803640 77.760000
54.335538 72.781932 77.760000
54.851717 73.737281 77.760000
55.356615 74.664458 77.760000
55.929238 75.548250 77.760000
56.569271 76.404312 77.760000
57.212367 77.261054 77.760000
57.823287 78.208738 77.760000
58.458347 79.374082 77.760000
59.068421 80.457183 77.760000
59.591505 81.120904 77.760000
59.981145 81.040704 77.760000
60.285885 80.215528 77.760000
60.552053 78.966875 77.760000
60.821198 77.629118 77.760000
61.132179 76.515860 77.760000
61.469840 75.506478 77.760000
61.827100 74.502822 77.760000
62.211264 73.512481 77.760000
62.630486 72.542049 77.760000
63.094110 71.588670 77.760000
63.582214 74.027066 86.400000
63.582214 74.027066 86.400000
64.093628 73.047150 86.400000
64.642908 72.094712 86.400000
65.230007 71.176566 86.400000
65.854878 70.299526 86.400000
66.524997 69.466063 86.400000
67.251279 68.666070 86.400000
68.021512 67.893104 86.400000
68.822624 67.141022 86.400000
69.641541 66.403683 86.400000
70.465191 65.674945 86.400000
71.281371 64.948999 86.400000
72.191266 64.263930 86.400000
73.183933 63.616853 86.400000
74.134533 62.961749 86.400000
74.918223 62.252595 86.400000
75.412888 61.441146 86.400000
75.747541 60.364344 86.400000
75.991906 59.196410 86.400000
76.056284 58.285184 86.400000
75.698477 57.549061 86.400000
74.920136 56.859919 86.400000
73.854721 56.237724 86.400000
72.635695 55.702442 86.400000
71.396518 55.274037 86.400000
70.270652 54.972476 86.400000
69.236555 54.756187 86.400000
68.155392 54.559735 86.400000
67.050144 54.395862 86.400000
65.944643 54.277679 86.400000
64.862723 54.218296 86.400000
63.801454 54.265374 86.400000
62.705961 54.517705 86.400000
61.618317 54.930624 86.400000
60.588559 55.448491 86.400000
59.666727 56.015662 86.400000
58.882496 56.595150 86.400000
58.092017 57.317086 86.400000
57.307809 58.184029 86.400000
56.593315 59.153471 86.400000
56.011978 60.182902 86.400000
55.627241 61.229814 86.400000
55.501478 62.252152 86.400000
55.504927 63.288474 86.400000
55.513812 64.371887 86.400000
55.527457 65.482683 86.400000
55.545191 66.601156 86.400000
55.566337 67.707599 86.400000
55.609132 68.795127 86.400000
55.699004 69.880570 86.400000
55.815838 70.965247 86.400000
55.938393 72.049911 86.400000
56.045428 73.135318 86.400000
56.119835 74.224098 86.400000
56.173430 75.323321 86.400000
56.217119 76.427183 86.400000
56.259915 77.528254 86.400000
56.310830 78.619105 86.400000
56.378875 79.692307 86.400000
56.476089 80.748586 86.400000
56.682312 81.956325 86.400000
57.014438 83.275001 86.400000
57.452034 84.557461 86.400000
57.974665 85.656553 86.400000
58.561899 86.425124 86.400000
59.193303 86.716021 86.400000
60.243384 86.381817 86.400000
61.145618 85.720090 86.400000
61.395784 84.949079 86.400000
61.562736 83.958650 86.400000
61.679505 82.821372 86.400000
61.778497 81.610019 86.400000
61.892119 80.397365 86.400000
62.052776 79.256183 86.400000
62.277996 78.196200 86.400000
62.552081 77.144324 86.400000
62.866406 76.099013 86.400000
63.212581 75.060012 86.400000
63.582214 74.027066 86.400000
67.244895 71.134525 95.040000
67.694739 70.538398 95.040000
68.162401 69.960569 95.040000
68.648504 69.404147 95.040000
69.155483 68.870865 95.040000
69.687036 68.356375 95.040000
70.238220 67.857127 95.040000
70.803524 67.369798 95.040000
71.377433 66.891067 95.040000
71.954433 66.417610 95.040000
72.529964 65.946712 95.040000
73.136113 65.498813 95.040000
73.768297 65.070633 95.040000
74.395447 64.641985 95.040000
74.986495 64.192683 95.040000
75.510374 63.702539 95.040000
75.983908 63.141229 95.040000
76.480092 62.495124 95.040000
76.921611 61.811206 95.040000
77.222991 61.138956 95.040000
77.299310 60.524176 95.040000
77.115783 59.907286 95.040000
76.721082 59.273593 95.040000
76.171102 58.654372 95.040000
75.521736 58.080894 95.040000
74.828877 57.584435 95.040000
74.148419 57.196268 95.040000
73.520998 56.937046 95.040000
72.856716 56.733379 95.040000
72.143122 56.559937 95.040000
71.396159 56.410608 95.040000
70.631770 56.279277 95.040000
69.865898 56.159830 95.040000
69.114486 56.046154 95.040000
68.378612 55.927633 95.040000
67.638151 55.804442 95.040000
66.897217 55.698359 95.040000
66.160720 55.631603 95.040000
65.428412 55.628435 95.040000
64.668562 55.715248 95.040000
63.897197 55.880696 95.040000
63.141734 56.107164 95.040000
62.429589 56.377036 95.040000
61.788181 56.672699 95.040000
61.228066 56.996004 95.040000
60.666743 57.452724 95.040000
60.120141 58.029228 95.040000
59.625823 58.686458 95.040000
59.221352 59.385354 95.040000
58.944289 60.086858 95.040000
58.815542 60.762338 95.040000
58.724759 61.466700 95.040000
58.645286 62.204861 95.040000
58.578274 62.964548 95.040000
58.524873 63.733489 95.040000
58.486235 64.499410 95.040000
58.463511 65.250038 95.040000
58.460669 65.973507 95.040000
58.579796 66.677265 95.040000
58.834592 67.370548 95.040000
59.174213 68.055761 95.040000
59.547815 68.735309 95.040000
59.904551 69.411597 95.040000
60.212098 70.094701 95.040000
60.509997 70.799331 95.040000
60.816315 71.503200 95.040000
61.145732 72.181622 95.040000
61.512930 72.809908 95.040000
61.935879 73.369834 95.040000
62.487422 73.965820 95.040000
63.121746 74.507753 95.040000
63.744490 74.816081 95.040000
64.296818 74.794886 95.040000
64.831681 74.586567 95.040000
65.352416 74.190697 95.040000
65.857262 73.594084 95.040000
66.344459 72.783531 95.040000
66.812247 71.745844 95.040000
66.812247 71.745844 95.040000
67.244895 71.134525 95.040000
69.129067 68.985967 103.680000
69.444124 68.542545 103.680000
69.773645 68.113853 103.680000
70.125114 67.696756 103.680000
70.496133 67.290089 103.680000
70.883147 66.893033 103.680000
71.282600 66.504764 103.680000
71.690934 66.124462 103.680000
72.104594 65.751304 103.680000
72.520022 65.384470 103.680000
72.938851 65.023926 103.680000
73.434069 64.680563 103.680000
73.995662 64.352792 103.680000
74.578479 64.033697 103.680000
75.137367 63.716360 103.680000
75.627175 63.393865 103.680000
76.002751 63.059296 103.680000
76.218942 62.705735 103.680000
76.228403 62.321837 103.680000
76.012110 61.882489 103.680000
75.639192 61.417077 103.680000
75.188790 60.964503 103.680000
74.740048 60.563675 103.680000
74.326919 60.222614 103.680000
73.880385 59.890345 103.680000
73.404613 59.576710 103.680000
72.908311 59.294895 103.680000
72.400186 59.058087 103.680000
71.888945 58.879474 103.680000
71.372531 58.746717 103.680000
70.837965 58.621094 103.680000
70.290324 58.506326 103.680000
69.735105 58.407130 103.680000
69.177808 58.328222 103.680000
68.623933 58.274323 103.680000
68.078977 58.250148 103.680000
67.527368 58.272515 103.680000
66.941269 58.363682 103.680000
66.349683 58.511871 103.680000
65.783520 58.704184 103.680000
65.273694 58.927720 103.680000
64.851115 59.169581 103.680000
64.516990 59.447365 103.680000
64.189844 59.849265 103.680000
63.883128 60.348833 103.680000
63.620214 60.908715 103.680000
63.424473 61.491552 103.680000
63.319274 62.059989 103.680000
63.311429 62.591341 103.680000
63.335200 63.130807 103.680000
63.378041 63.681440 103.680000
63.436610 64.238425 103.680000
63.507567 64.796942 103.680000
63.587568 65.352176 103.680000
63.673275 65.899308 103.680000
63.768352 66.435835 103.680000
63.900978 66.969329 103.680000
64.066763 67.499375 103.680000
64.256678 68.024187 103.680000
64.461691 68.541978 103.680000
64.672770 69.050960 103.680000
64.896135 69.578031 103.680000
65.157737 70.172738 103.680000
65.447726 70.803945 103.680000
65.754680 71.437289 103.680000
66.067179 72.038407 103.680000
66.373804 72.572937 103.680000
66.663132 73.006516 103.680000
66.923744 73.304782 103.680000
67.144218 73.433373 103.680000
67.326561 73.304942 103.680000
67.489536 72.862659 103.680000
67.633361 72.196166 103.680000
67.757835 71.397436 103.680000
67.757835 71.397436 103.680000
68.003040 70.892890 103.680000
68.263317 70.398372 103.680000
68.538113 69.914979 103.680000
68.826880 69.443811 103.680000
69.129067 68.985967 103.680000
71.312528 66.542045 112.320000
71.535099 66.357014 112.320000
71.743534 66.176479 112.320000
71.938263 66.000634 112.320000
72.119714 65.829673 112.320000
72.288318 65.663789 112.320000
72.444504 65.503176 112.320000
72.588701 65.348026 112.320000
72.721340 65.198534 112.320000
72.842849 65.054893 112.320000
72.953658 64.917296 112.320000
73.054198 64.785936 112.320000
73.144897 64.661008 112.320000
73.226184 64.542705 112.320000
73.298490 64.431219 112.320000
73.362245 64.326745 112.320000
73.417876 64.229476 112.320000
73.465815 64.139606 112.320000
73.506491 64.057327 112.320000
73.540333 63.982833 112.320000
73.567770 63.916319 112.320000
73.589233 63.857976 112.320000
73.605151 63.807999 112.320000
73.615953 63.766581 112.320000
73.622070 63.733915 112.320000
73.623906 63.710191 112.320000
73.599052 63.690998 112.320000
73.530589 63.672390 112.320000
73.422955 63.654435 112.320000
73.280584 63.637199 112.320000
73.107915 63.620748 112.320000
72.909384 63.605149 112.320000
72.689427 63.590469 112.320000
72.452480 63.576775 112.320000
72.202981 63.564132 112.320000
71.945367 63.552608 112.320000
71.684073 63.542269 112.320000
71.423536 63.533182 112.320000
71.168194 63.525413 112.320000
70.922481 63.519030 112.320000
70.690837 63.514098 112.320000
70.477695 63.510684 112.320000
70.287495 63.508856 112.320000
70.121100 63.511856 112.320000
69.949085 63.548402 112.320000
69.768007 63.621281 112.320000
69.582950 63.725412 112.320000
69.398997 63.855715 112.320000
69.221231 64.007110 112.320000
69.054736 64.174516 112.320000
68.904593 64.352855 112.320000
68.775887 64.537046 112.320000
68.673701 64.722008 112.320000
68.603118 64.902662 112.320000
68.569221 65.073928 112.320000
68.566984 65.235686 112.320000
68.567445 65.400888 112.320000
68.568961 65.570553 112.320000
68.572164 65.744634 112.320000
68.577682 65.923085 112.320000
68.586147 66.105857 112.320000
68.598189 66.292905 112.320000
68.614437 66.484181 112.320000
68.635523 66.679638 112.320000
68.662076 66.879229 112.320000
68.694727 67.082908 112.320000
68.734106 67.290627 112.320000
68.780844 67.502340 112.320000
68.835570 67.717999 112.320000
68.898915 67.937557 112.320000
68.971510 68.160969 112.320000
68.971510 68.160969 112.320000
69.322634 67.946927 112.320000
69.656186 67.735834 112.320000
69.972595 67.527884 112.320000
70.272290 67.323271 112.320000
70.555702 67.122186 112.320000
70.823259 66.924825 112.320000
71.075391 66.731380 112.320000
71.312528 66.542045 112.320000
