71.918240 97.154863 34.560000
74.270366 97.450219 34.560000
76.568821 97.605047 34.560000
78.810149 97.664738 34.560000
80.990893 97.674687 34.560000
83.224462 97.424173 34.560000
85.576488 96.646435 34.560000
87.881852 95.475546 34.560000
89.973870 94.048596 34.560000
91.685860 92.502677 34.560000
92.862082 90.964223 34.560000
93.802438 89.141102 34.560000
94.656588 86.959000 34.560000
95.352762 84.571532 34.560000
95.819187 82.132314 34.560000
95.984154 79.794833 34.560000
95.888135 77.503147 34.560000
95.633380 75.158031 34.560000
95.254561 72.819760 34.560000
94.786353 70.548611 34.560000
94.263431 68.404859 34.560000
93.534001 66.385423 34.560000
92.425439 64.429341 34.560000
91.035682 62.536294 34.560000
89.463915 60.706309 34.560000
87.809323 58.939414 34.560000
86.171090 57.235638 34.560000
84.594447 55.597780 34.560000
82.927745 54.031381 34.560000
81.178635 52.524380 34.560000
79.376722 51.063129 34.560000
77.551612 49.633980 34.560000
75.732325 48.222093 34.560000
73.914687 46.787333 34.560000
72.073997 45.366172 34.560000
70.191761 44.027731 34.560000
68.249483 42.841133 34.560000
66.209588 41.750222 34.560000
64.058144 40.610044 34.560000
61.857738 39.571008 34.560000
59.672802 38.792454 34.560000
57.567767 38.433719 34.560000
55.459428 38.721829 34.560000
53.230469 39.715690 34.560000
51.090543 41.183224 34.560000
49.255454 42.888114 34.560000
47.941005 44.594044 34.560000
47.055025 46.397938 34.560000
46.302420 48.529984 34.560000
45.672516 50.863442 34.560000
45.155253 53.270861 34.560000
44.740572 55.624788 34.560000
44.389377 57.884625 34.560000
44.051482 60.159920 34.560000
43.745502 62.449167 34.560000
43.491707 64.747108 34.560000
43.310367 67.048489 34.560000
43.221753 69.348052 34.560000
43.219258 71.651881 34.560000
43.233836 73.979365 34.560000
43.260198 76.309198 34.560000
43.297948 78.617588 34.560000
43.346691 80.880742 34.560000
43.498527 83.153380 34.560000
44.071799 85.623344 34.560000
44.991109 88.070070 34.560000
46.139792 90.234475 34.560000
47.401183 91.857477 34.560000
48.796652 92.846677 34.560000
50.680899 93.656173 34.560000
52.938624 94.342448 34.560000
55.410304 94.915472 34.560000
57.936414 95.385218 34.560000
60.357429 95.761655 34.560000
62.626078 96.071639 34.560000
64.906866 96.342730 34.560000
67.204265 96.551632 34.560000
69.515903 96.673586 34.560000
69.515903 96.673586 34.560000
71.918240 97.154863 34.560000
72.741908 98.194861 43.200000
72.741908 98.194861 43.200000
75.085593 98.459420 43.200000
77.365111 98.619224 43.200000
79.573253 98.700679 43.200000
81.702810 98.730193 43.200000
83.746703 98.733782 43.200000
85.807949 98.379757 43.200000
87.910121 97.466136 43.200000
89.949931 96.144822 43.200000
91.824087 94.567719 43.200000
93.429298 92.886731 43.200000
94.662529 91.253475 43.200000
95.698250 89.501479 43.200000
96.680164 87.472496 43.200000
97.506626 85.277156 43.200000
98.075995 83.026093 43.200000
98.286630 80.829934 43.200000
98.213462 78.639789 43.200000
98.012141 76.381769 43.200000
97.707334 74.123875 43.200000
97.323704 71.934113 43.200000
96.885917 69.880485 43.200000
96.212291 67.949706 43.200000
95.120042 66.071953 43.200000
93.724813 64.261207 43.200000
92.143312 62.531809 43.200000
90.492250 60.898097 43.200000
88.888293 59.374415 43.200000
87.253245 57.975745 43.200000
85.478973 56.680814 43.200000
83.620662 55.450452 43.200000
81.733501 54.245491 43.200000
79.872676 53.026763 43.200000
78.067747 51.707411 43.200000
76.281721 50.284044 43.200000
74.481451 48.905153 43.200000
72.634071 47.720638 43.200000
70.706715 46.880395 43.200000
68.628842 46.296208 43.200000
66.398318 45.753163 43.200000
64.102681 45.280537 43.200000
61.829622 44.908211 43.200000
59.666832 44.666067 43.200000
57.701666 44.584809 43.200000
55.820302 45.139218 43.200000
53.963474 46.494266 43.200000
52.253994 48.329140 43.200000
50.814670 50.323024 43.200000
49.759414 52.173392 43.200000
48.941753 54.096474 43.200000
48.247731 56.199442 43.200000
47.650754 58.403480 43.200000
47.124228 60.629770 43.200000
46.640188 62.802235 43.200000
46.141454 64.954718 43.200000
45.641110 67.121779 43.200000
45.183280 69.299206 43.200000
44.812083 71.482788 43.200000
44.571642 73.668315 43.200000
44.504872 75.853580 43.200000
44.588316 78.106404 43.200000
44.782908 80.404390 43.200000
45.071302 82.668724 43.200000
45.436153 84.820591 43.200000
45.861215 86.782157 43.200000
46.681298 88.780606 43.200000
48.041844 90.847656 43.200000
49.753525 92.710992 43.200000
51.627011 94.098303 43.200000
53.473717 94.738547 43.200000
55.413076 94.912842 43.200000
57.577241 95.016314 43.200000
59.876754 95.085961 43.200000
62.222157 95.158782 43.200000
64.523992 95.271779 43.200000
66.693782 95.465438 43.200000
68.756132 96.051997 43.200000
70.769046 97.043238 43.200000
72.741908 98.194861 43.200000
72.921224 97.828931 51.840000
72.921224 97.828931 51.840000
75.323388 98.284836 51.840000
77.664248 98.560998 51.840000
79.937483 98.702472 51.840000
82.136770 98.754315 51.840000
84.255807 98.761545 51.840000
86.441948 98.425798 51.840000
88.730875 97.531524 51.840000
90.960017 96.225445 51.840000
92.966804 94.654281 51.840000
94.588667 92.964755 51.840000
95.663457 91.303183 51.840000
96.412143 89.464767 51.840000
97.082264 87.288364 51.840000
97.621185 84.918615 51.840000
97.976272 82.500161 51.840000
98.095175 80.177093 51.840000
98.026653 77.903316 51.840000
97.847137 75.597277 51.840000
97.572839 73.297686 51.840000
97.219974 71.043250 51.840000
96.804754 68.872678 51.840000
96.034214 66.728023 51.840000
94.827310 64.704736 51.840000
93.447168 63.048356 51.840000
91.671678 61.705989 51.840000
89.645771 60.506365 51.840000
87.616710 59.291624 51.840000
85.831614 57.903846 51.840000
84.359034 56.203892 51.840000
83.027807 54.299282 51.840000
81.703107 52.393109 51.840000
80.250107 50.688463 51.840000
78.597833 49.174369 51.840000
76.815238 47.614005 51.840000
74.926497 46.106991 51.840000
72.954120 44.760374 51.840000
70.920620 43.681197 51.840000
68.848508 42.976507 51.840000
66.724162 42.666084 51.840000
64.443733 42.433356 51.840000
62.087164 42.248069 51.840000
59.755457 42.122523 51.840000
57.549615 42.069017 51.840000
55.390582 42.360682 51.840000
53.132068 43.335342 51.840000
50.997373 44.770595 51.840000
49.216568 46.433999 51.840000
48.019456 48.093373 51.840000
47.218366 49.905534 51.840000
46.524021 52.053783 51.840000
45.956251 54.401898 51.840000
45.534888 56.813660 51.840000
45.279764 59.152849 51.840000
45.135758 61.403255 51.840000
45.010217 63.671674 51.840000
44.905792 65.951872 51.840000
44.825718 68.236801 51.840000
44.773226 70.519416 51.840000
44.751548 72.792670 51.840000
44.807776 75.084998 51.840000
45.005189 77.421317 51.840000
45.319525 79.743275 51.840000
45.725010 81.991191 51.840000
46.195874 84.105383 51.840000
46.896840 86.177513 51.840000
48.073638 88.331083 51.840000
49.586832 90.358867 51.840000
51.289809 92.047694 51.840000
53.035954 93.184392 51.840000
54.886963 93.827911 51.840000
57.012259 94.306600 51.840000
59.318795 94.686854 51.840000
61.711932 95.033214 51.840000
64.097027 95.410226 51.840000
66.379467 95.882424 51.840000
68.573579 96.467893 51.840000
70.753035 97.125718 51.840000
72.921224 97.828931 51.840000
74.718906 100.315498 60.480000
74.718906 100.315498 60.480000
77.043493 100.222687 60.480000
79.299609 99.973928 60.480000
81.473013 99.613729 60.480000
83.549465 99.186599 60.480000
85.601711 98.563396 60.480000
87.685638 97.581684 60.480000
89.713641 96.324114 60.480000
91.597473 94.874516 60.480000
93.248884 93.316724 60.480000
94.579628 91.734567 60.480000
95.747615 90.001770 60.480000
96.882976 88.005853 60.480000
97.859919 85.847854 60.480000
98.552657 83.628814 60.480000
98.835399 81.449773 60.480000
98.752228 79.271278 60.480000
98.493139 76.995581 60.480000
98.088390 74.694684 60.480000
97.567493 72.441274 60.480000
96.959963 70.308042 60.480000
96.295314 68.367676 60.480000
95.301589 66.632093 60.480000
93.818134 65.029906 60.480000
92.046253 63.509441 60.480000
90.187250 62.019024 60.480000
88.442430 60.506981 60.480000
86.848687 58.955024 60.480000
85.256521 57.397337 60.480000
83.655093 55.849027 60.480000
82.034508 54.325032 60.480000
80.384871 52.840293 60.480000
78.697328 51.405141 60.480000
76.989218 49.926054 60.480000
75.257538 48.431470 60.480000
73.485451 47.016069 60.480000
71.656120 45.774536 60.480000
69.752706 44.801551 60.480000
67.695908 43.994646 60.480000
65.476582 43.211632 60.480000
63.194508 42.514485 60.480000
60.949507 41.965286 60.480000
58.841401 41.626112 60.480000
56.952916 41.592053 60.480000
55.083928 42.420554 60.480000
53.267956 44.020106 60.480000
51.661874 46.034055 60.480000
50.422560 48.105746 60.480000
49.621994 50.002420 60.480000
48.959987 52.061663 60.480000
48.403448 54.268708 60.480000
47.965567 56.543375 60.480000
47.659530 58.805479 60.480000
47.469342 61.007673 60.480000
47.304206 63.217401 60.480000
47.161804 65.438126 60.480000
47.048185 67.665280 60.480000
46.969396 69.894297 60.480000
46.931485 72.120611 60.480000
46.934428 74.372297 60.480000
46.962000 76.706120 60.480000
47.012054 79.039184 60.480000
47.083702 81.279672 60.480000
47.176056 83.335765 60.480000
47.527055 85.169298 60.480000
48.719881 86.892481 60.480000
50.493038 88.506642 60.480000
52.528222 90.002930 60.480000
54.507126 91.372495 60.480000
56.291038 92.629199 60.480000
58.160747 93.820510 60.480000
60.110790 94.939152 60.480000
62.117399 95.975111 60.480000
64.156808 96.918374 60.480000
66.205251 97.758925 60.480000
68.272642 98.511809 60.480000
70.384286 99.195068 60.480000
72.534830 99.799403 60.480000
74.718906 100.315498 60.480000
75.373034 99.076028 69.120000
75.373034 99.076028 69.120000
77.553660 99.093555 69.120000
79.685925 99.102548 69.120000
81.759919 99.105854 69.120000
83.765735 99.106319 69.120000
85.790569 98.843272 69.120000
87.865479 98.133081 69.120000
89.899008 97.087396 69.120000
91.799698 95.817864 69.120000
93.476091 94.436136 69.120000
94.836730 93.053860 69.120000
96.011759 91.539231 69.120000
97.161097 89.704387 69.120000
98.150638 87.670641 69.120000
98.845358 85.560295 69.120000
99.110234 83.495651 69.120000
99.058711 81.430959 69.120000
98.912721 79.281830 69.120000
98.688122 77.121072 69.120000
98.400754 75.021507 69.120000
98.066458 73.055954 69.120000
97.456014 71.211208 69.120000
96.412765 69.426533 69.120000
95.070176 67.705942 69.120000
93.561720 66.053448 69.120000
92.020867 64.473065 69.120000
90.567061 62.969267 69.120000
89.065658 61.547543 69.120000
87.469315 60.193554 69.120000
85.808295 58.888162 69.120000
84.112860 57.612233 69.120000
82.413274 56.346631 69.120000
80.739384 55.070918 69.120000
79.090946 53.738254 69.120000
77.436930 52.397396 69.120000
75.748408 51.136552 69.120000
73.996451 50.043927 69.120000
72.148978 49.089033 69.120000
70.205466 48.107471 69.120000
68.202260 47.182925 69.120000
66.176422 46.407672 69.120000
64.165015 45.873988 69.120000
62.205103 45.674148 69.120000
60.170850 45.956095 69.120000
58.030542 46.711266 69.120000
55.968141 47.794290 69.120000
54.167612 49.059789 69.120000
52.812924 50.362387 69.120000
51.790168 51.868046 69.120000
50.872176 53.754451 69.120000
50.094982 55.868723 69.120000
49.494674 58.057930 69.120000
49.107325 60.169151 69.120000
48.847176 62.214175 69.120000
48.614729 64.293591 69.120000
48.418735 66.395748 69.120000
48.267945 68.508999 69.120000
48.171110 70.621693 69.120000
48.136981 72.722181 69.120000
48.183881 74.861727 69.120000
48.316636 77.049842 69.120000
48.523901 79.213103 69.120000
48.794330 81.278091 69.120000
49.116578 83.171386 69.120000
49.810291 84.923307 69.120000
51.076923 86.600501 69.120000
52.702177 88.177279 69.120000
54.471705 89.627939 69.120000
56.171181 90.926783 69.120000
57.833851 92.113311 69.120000
59.608859 93.234632 69.120000
61.468512 94.280174 69.120000
63.385117 95.239366 69.120000
65.330983 96.101634 69.120000
67.278416 96.856409 69.120000
69.241636 97.524146 69.120000
71.248985 98.124302 69.120000
73.294704 98.645417 69.120000
75.373034 99.076028 69.120000
77.361735 98.661254 77.760000
77.361735 98.661254 77.760000
79.427685 98.619508 77.760000
81.437632 98.502395 77.760000
83.385175 98.322102 77.760000
85.263913 98.090816 77.760000
87.067442 97.820724 77.760000
88.891990 97.348602 77.760000
90.787834 96.519565 77.760000
92.643049 95.415608 77.760000
94.345401 94.119208 77.760000
95.782658 92.712845 77.760000
96.842584 91.278998 77.760000
97.583297 89.757896 77.760000
98.265081 87.959649 77.760000
98.837118 85.986197 77.760000
99.239038 83.947909 77.760000
99.410470 81.955151 77.760000
99.379972 79.997066 77.760000
99.272518 77.981611 77.760000
99.105960 75.997831 77.760000
98.896613 74.137080 77.760000
98.537174 72.439583 77.760000
97.765481 70.816773 77.760000
96.654643 69.256298 77.760000
95.294288 67.751156 77.760000
93.774039 66.294349 77.760000
92.183523 64.878875 77.760000
90.612364 63.497734 77.760000
89.150190 62.143926 77.760000
87.747340 60.814967 77.760000
86.291013 59.517754 77.760000
84.788988 58.259129 77.760000
83.249078 57.045934 77.760000
81.679100 55.885010 77.760000
80.086463 54.781400 77.760000
78.456369 53.680190 77.760000
76.775616 52.647090 77.760000
75.040879 51.812004 77.760000
73.238133 51.157933 77.760000
71.363960 50.520126 77.760000
69.445582 49.940724 77.760000
67.510605 49.465459 77.760000
65.586632 49.140065 77.760000
63.701267 49.010276 77.760000
61.779861 49.228400 77.760000
59.804861 49.854188 77.760000
57.944694 50.733471 77.760000
56.368458 51.711336 77.760000
54.997550 52.859294 77.760000
53.615883 54.389427 77.760000
52.398496 56.166687 77.760000
51.525328 58.051605 77.760000
51.176320 59.904718 77.760000
51.195420 61.751545 77.760000
51.255371 63.701964 77.760000
51.352533 65.707103 77.760000
51.483745 67.717853 77.760000
51.645850 69.685105 77.760000
51.835699 71.559753 77.760000
52.298681 73.338394 77.760000
53.165336 75.061675 77.760000
54.271099 76.747911 77.760000
55.451404 78.415415 77.760000
56.541686 80.082503 77.760000
57.531273 81.763968 77.760000
58.531485 83.447947 77.760000
59.559145 85.112723 77.760000
60.631073 86.736584 77.760000
61.764091 88.297813 77.760000
62.952560 89.882887 77.760000
64.185763 91.535702 77.760000
65.475962 93.153587 77.760000
66.835433 94.633802 77.760000
68.276452 95.873610 77.760000
69.811294 96.770271 77.760000
71.487336 97.432668 77.760000
73.325349 98.009481 77.760000
75.293947 98.439445 77.760000
77.361735 98.661254 77.760000
77.669516 97.086895 86.400000
77.669516 97.086895 86.400000
79.543747 97.035827 86.400000
81.367612 96.897018 86.400000
83.130321 96.692058 86.400000
84.821081 96.442537 86.400000
86.505792 96.024140 86.400000
88.230874 95.300139 86.400000
89.918948 94.339451 86.400000
91.492199 93.211766 86.400000
92.872808 91.986777 86.400000
93.982959 90.734176 86.400000
94.894428 89.388881 86.400000
95.780228 87.797328 86.400000
96.546985 86.048002 86.400000
97.096374 84.233871 86.400000
97.330067 82.447905 86.400000
97.308242 80.676573 86.400000
97.229450 78.835608 86.400000
97.103394 76.982394 86.400000
96.937881 75.175651 86.400000
96.740720 73.474100 86.400000
96.389041 71.882181 86.400000
95.660737 70.321524 86.400000
94.634518 68.803500 86.400000
93.398196 67.342726 86.400000
92.039584 65.953818 86.400000
90.646497 64.651394 86.400000
89.306746 63.450072 86.400000
87.958545 62.355625 86.400000
86.482890 61.347803 86.400000
84.927235 60.403117 86.400000
83.339430 59.498090 86.400000
81.767232 58.609190 86.400000
80.207446 57.708280 86.400000
78.624776 56.839788 86.400000
77.008202 56.082978 86.400000
75.347022 55.437463 86.400000
73.643366 54.777786 86.400000
71.910002 54.142518 86.400000
70.159894 53.577773 86.400000
68.406006 53.129667 86.400000
66.661304 52.844312 86.400000
64.933796 52.769023 86.400000
63.061882 52.976167 86.400000
61.096595 53.440881 86.400000
59.222441 54.098055 86.400000
57.623923 54.882581 86.400000
56.484627 55.730284 86.400000
55.612207 56.915231 86.400000
54.810448 58.555566 86.400000
54.158387 60.453406 86.400000
53.735061 62.410863 86.400000
53.614099 64.235198 86.400000
53.617042 65.998814 86.400000
53.624359 67.790680 86.400000
53.636025 69.598719 86.400000
53.652019 71.410855 86.400000
53.672316 73.215013 86.400000
53.698291 74.999799 86.400000
53.837319 76.802994 86.400000
54.130566 78.621950 86.400000
54.541220 80.414378 86.400000
55.032474 82.137989 86.400000
55.570986 83.751953 86.400000
56.329916 85.308031 86.400000
57.359801 86.824312 86.400000
58.572969 88.264162 86.400000
59.881748 89.590943 86.400000
61.198472 90.768026 86.400000
62.559230 91.863553 86.400000
64.037099 92.935457 86.400000
65.604596 93.936206 86.400000
67.234240 94.818269 86.400000
68.898552 95.534116 86.400000
70.570169 96.036585 86.400000
72.270333 96.419248 86.400000
74.025207 96.751412 86.400000
75.827399 96.988740 86.400000
77.669516 97.086895 86.400000
79.349324 96.047920 95.040000
79.349324 96.047920 95.040000
81.063360 95.952943 95.040000
82.720831 95.700874 95.040000
84.310243 95.341000 95.040000
85.820100 94.922608 95.040000
87.285503 94.390816 95.040000
88.758953 93.606013 95.040000
90.189432 92.624005 95.040000
91.523710 91.505134 95.040000
92.708560 90.309738 95.040000
93.690752 89.098160 95.040000
94.569584 87.808900 95.040000
95.439355 86.359328 95.040000
96.205042 84.804149 95.040000
96.771418 83.198226 95.040000
97.043256 81.596421 95.040000
97.033552 79.994547 95.040000
96.950558 78.316416 95.040000
96.813352 76.620187 95.040000
96.632125 74.969459 95.040000
96.417063 73.427835 95.040000
96.039358 71.999625 95.040000
95.308534 70.612358 95.040000
94.306371 69.271719 95.040000
93.119493 67.985112 95.040000
91.834525 66.759941 95.040000
90.538094 65.603610 95.040000
89.314581 64.523123 95.040000
88.083278 63.497888 95.040000
86.776414 62.515682 95.040000
85.409691 61.580371 95.040000
83.998814 60.695820 95.040000
82.559485 59.865895 95.040000
81.107408 59.094462 95.040000
79.643496 58.387785 95.040000
78.123829 57.761987 95.040000
76.581938 57.211926 95.040000
75.020945 56.636072 95.040000
73.442622 56.052636 95.040000
71.854491 55.515052 95.040000
70.264077 55.076751 95.040000
68.678904 54.791166 95.040000
67.102195 54.712144 95.040000
65.374135 54.888890 95.040000
63.545117 55.291064 95.040000
61.800777 55.864776 95.040000
60.326754 56.556135 95.040000
59.308685 57.311250 95.040000
58.606628 58.373644 95.040000
57.971836 59.903129 95.040000
57.462148 61.682642 95.040000
57.135517 63.494998 95.040000
57.053424 65.128720 95.040000
57.361473 66.638695 95.040000
58.007290 68.124929 95.040000
58.847288 69.601701 95.040000
59.737880 71.083292 95.040000
60.535480 72.583981 95.040000
61.097108 74.118042 95.040000
61.470522 75.693001 95.040000
61.783614 77.297895 95.040000
62.066263 78.918749 95.040000
62.348345 80.541585 95.040000
62.659237 82.153268 95.040000
62.961551 83.838071 95.040000
63.247473 85.582251 95.040000
63.560623 87.275826 95.040000
63.944619 88.808812 95.040000
64.447229 90.075931 95.040000
65.292817 91.224310 95.040000
66.509305 92.332803 95.040000
67.984681 93.349474 95.040000
69.606932 94.222387 95.040000
71.264046 94.899605 95.040000
72.844011 95.329191 95.040000
74.381308 95.601674 95.040000
75.984981 95.830933 95.040000
77.644503 95.989009 95.040000
79.349324 96.047920 95.040000
79.450357 93.648148 103.680000
79.450357 93.648148 103.680000
81.134492 93.614366 103.680000
82.741117 93.518915 103.680000
84.256394 93.370641 103.680000
85.666482 93.178386 103.680000
86.957625 92.950673 103.680000
88.183245 92.446569 103.680000
89.373650 91.536497 103.680000
90.494201 90.343554 103.680000
91.510260 88.990837 103.680000
92.387187 87.601442 103.680000
93.092459 86.294540 103.680000
93.705279 84.967102 103.680000
94.264166 83.547597 103.680000
94.746028 82.070888 103.680000
95.127770 80.571838 103.680000
95.386363 79.085178 103.680000
95.573571 77.511096 103.680000
95.739214 75.840353 103.680000
95.869465 74.218070 103.680000
95.950497 72.789367 103.680000
95.945638 71.691856 103.680000
95.364052 70.842324 103.680000
94.174333 70.128113 103.680000
92.593142 69.491339 103.680000
90.837144 68.874117 103.680000
89.123000 68.218564 103.680000
87.667374 67.466796 103.680000
86.449053 66.602522 103.680000
85.267164 65.667258 103.680000
84.112188 64.683641 103.680000
82.974865 63.674271 103.680000
81.845932 62.661747 103.680000
80.735594 61.618065 103.680000
79.674988 60.461963 103.680000
78.622405 59.302795 103.680000
77.531696 58.261501 103.680000
76.356709 57.459021 103.680000
75.056782 56.842192 103.680000
73.645887 56.246592 103.680000
72.163593 55.712251 103.680000
70.649519 55.280447 103.680000
69.143285 54.992460 103.680000
67.684449 54.889582 103.680000
66.077551 55.053621 103.680000
64.296472 55.488142 103.680000
62.610978 56.122242 103.680000
61.290834 56.885023 103.680000
60.605804 57.705584 103.680000
60.403211 58.754719 103.680000
60.239658 60.206946 103.680000
60.118126 61.882749 103.680000
60.043658 63.601229 103.680000
60.021690 65.182824 103.680000
60.103652 66.658369 103.680000
60.310095 68.126569 103.680000
60.622609 69.588072 103.680000
61.022785 71.043529 103.680000
61.492213 72.493588 103.680000
62.012483 73.938900 103.680000
62.565186 75.380113 103.680000
63.131912 76.817877 103.680000
63.694252 78.252843 103.680000
64.233795 79.685659 103.680000
64.732143 81.117068 103.680000
65.188680 82.603794 103.680000
65.639748 84.137185 103.680000
66.123954 85.634328 103.680000
66.679909 87.012311 103.680000
67.346341 88.188443 103.680000
68.233982 89.253245 103.680000
69.367734 90.292558 103.680000
70.676121 91.250849 103.680000
72.087670 92.072586 103.680000
73.530907 92.702234 103.680000
74.937725 93.089146 103.680000
76.376783 93.364086 103.680000
77.887689 93.568228 103.680000
79.450357 93.648148 103.680000
79.456189 91.181325 112.320000
80.760962 90.979470 112.320000
82.017497 90.690140 112.320000
83.219607 90.337949 112.320000
84.361102 89.947514 112.320000
85.466452 89.502382 112.320000
86.613887 88.887946 112.320000
87.757472 88.125407 112.320000
88.841041 87.248467 112.320000
89.808428 86.290826 112.320000
90.603465 85.286187 112.320000
91.169987 84.268249 112.320000
91.564102 83.190125 112.320000
91.923606 81.972722 112.320000
92.219836 80.675018 112.320000
92.421874 79.357733 112.320000
92.498804 78.081583 112.320000
92.407521 76.836808 112.320000
92.152212 75.579427 112.320000
91.776775 74.329087 112.320000
91.325126 73.105482 112.320000
90.841179 71.928303 112.320000
90.337570 70.812576 112.320000
89.693835 69.742640 112.320000
88.934389 68.708600 112.320000
88.108301 67.703223 112.320000
87.264639 66.719276 112.320000
86.446219 65.745448 112.320000
85.625731 64.751134 112.320000
84.783543 63.760221 112.320000
83.910373 62.808162 112.320000
82.996938 61.930407 112.320000
82.033954 61.162410 112.320000
80.999217 60.490015 112.320000
79.884589 59.861499 112.320000
78.716291 59.293976 112.320000
77.520856 58.805395 112.320000
76.324337 58.412930 112.320000
75.104525 58.058975 112.320000
73.849142 57.713769 112.320000
72.575780 57.398404 112.320000
71.302029 57.133971 112.320000
70.045481 56.941561 112.320000
68.823726 56.842266 112.320000
67.579889 56.923834 112.320000
66.180655 57.389810 112.320000
64.930251 58.111176 112.320000
64.170513 58.927968 112.320000
63.913403 59.867509 112.320000
63.716886 61.109705 112.320000
63.580462 62.502964 112.320000
63.514505 63.888708 112.320000
63.510836 65.168356 112.320000
63.515347 66.446813 112.320000
63.523712 67.729125 112.320000
63.535932 69.008509 112.320000
63.552007 70.278180 112.320000
63.571935 71.531355 112.320000
63.639518 72.768692 112.320000
63.907951 74.009157 112.320000
64.336808 75.238430 112.320000
64.864731 76.438622 112.320000
65.430364 77.591839 112.320000
66.002532 78.680719 112.320000
66.706992 79.705885 112.320000
67.519310 80.689243 112.320000
68.383802 81.653893 112.320000
69.244781 82.622931 112.320000
70.046679 83.619725 112.320000
70.771412 84.693791 112.320000
71.458361 85.823780 112.320000
72.146193 86.944091 112.320000
72.873575 87.989123 112.320000
73.679174 88.893272 112.320000
74.604762 89.623294 112.320000
75.671337 90.266544 112.320000
76.850176 90.820761 112.320000
78.109368 91.271088 112.320000
78.109368 91.271088 112.320000
79.456189 91.181325 112.320000
80.272086 86.568376 120.960000
81.338575 86.568376 120.960000
82.383366 86.568376 120.960000
83.406442 86.568376 120.960000
84.424361 86.443337 120.960000
85.442262 86.052274 120.960000
86.423808 85.494952 120.960000
87.332204 84.874101 120.960000
88.157188 84.267783 120.960000
89.036082 83.572662 120.960000
89.922416 82.781446 120.960000
90.729111 81.918396 120.960000
91.369088 81.007776 120.960000
91.755269 80.073845 120.960000
91.828349 79.132273 120.960000
91.819631 78.119255 120.960000
91.801364 77.040800 120.960000
91.774024 75.927292 120.960000
91.738085 74.809116 120.960000
91.694019 73.716658 120.960000
91.642302 72.680303 120.960000
91.518125 71.707070 120.960000
91.173154 70.752192 120.960000
90.648480 69.816982 120.960000
89.995259 68.905795 120.960000
89.264650 68.022989 120.960000
88.507810 67.172920 120.960000
87.775896 66.359946 120.960000
87.077338 65.559760 120.960000
86.324773 64.738864 120.960000
85.518331 63.977828 120.960000
84.664121 63.362711 120.960000
83.762828 62.959820 120.960000
82.781151 62.651299 120.960000
81.736608 62.393700 120.960000
80.659089 62.178189 120.960000
79.578482 61.995931 120.960000
78.521303 61.836447 120.960000
77.467780 61.678092 120.960000
76.409466 61.528419 120.960000
75.348070 61.402625 120.960000
74.285301 61.315911 120.960000
73.222867 61.283476 120.960000
72.126055 61.292311 120.960000
70.993734 61.318318 120.960000
69.878871 61.360567 120.960000
68.834435 61.418133 120.960000
67.912864 61.490900 120.960000
66.991908 61.844063 120.960000
66.047874 62.581367 120.960000
65.226392 63.544372 120.960000
64.673095 64.574636 120.960000
64.528099 65.522230 120.960000
64.715897 66.500200 120.960000
65.090801 67.544422 120.960000
65.557335 68.583896 120.960000
66.024990 69.548745 120.960000
66.586171 70.432289 120.960000
67.259715 71.272071 120.960000
67.975684 72.095767 120.960000
68.664136 72.931055 120.960000
69.255133 73.805612 120.960000
69.712749 74.741473 120.960000
70.100493 75.727324 120.960000
70.452539 76.741139 120.960000
70.800562 77.760984 120.960000
71.176238 78.764926 120.960000
71.603409 79.742121 120.960000
72.056890 80.733838 120.960000
72.550201 81.697824 120.960000
73.106698 82.575602 120.960000
73.744465 83.355576 120.960000
74.462122 84.099185 120.960000
75.256727 84.800437 120.960000
76.125464 85.451164 120.960000
77.065519 86.043199 120.960000
78.074074 86.568376 120.960000
78.074074 86.568376 120.960000
79.183914 86.568376 120.960000
80.272086 86.568376 120.960000
78.756292 82.624863 129.600000
79.449472 82.973438 129.600000
80.162573 83.136106 129.600000
80.902212 83.201750 129.600000
81.672282 83.255969 129.600000
82.470520 83.296947 129.600000
83.294664 83.322865 129.600000
84.142450 83.331909 129.600000
84.142450 83.331909 129.600000
84.745296 82.682893 129.600000
85.320705 82.021545 129.600000
85.845473 81.347698 129.600000
86.296393 80.661182 129.600000
86.650261 79.961830 129.600000
86.883871 79.249474 129.600000
86.974018 78.523946 129.600000
86.964627 77.770129 129.600000
86.933641 76.976619 129.600000
86.882809 76.155741 129.600000
86.813583 75.319899 129.600000
86.727417 74.481499 129.600000
86.625764 73.652944 129.600000
86.510077 72.846638 129.600000
86.381810 72.074985 129.600000
86.242416 71.350390 129.600000
86.076350 70.676981 129.600000
85.780463 70.011030 129.600000
85.357472 69.351879 129.600000
84.831951 68.708855 129.600000
84.228473 68.091282 129.600000
83.571611 67.508488 129.600000
82.885940 66.969797 129.600000
82.196031 66.484536 129.600000
81.526460 66.062031 129.600000
80.879051 65.691870 129.600000
80.195639 65.319887 129.600000
79.477551 64.952870 129.600000
78.731593 64.602696 129.600000
77.964569 64.281242 129.600000
77.183282 64.000385 129.600000
76.394537 63.772000 129.600000
75.605138 63.607965 129.600000
74.821890 63.520156 129.600000
74.043297 63.514135 129.600000
73.232380 63.557011 129.600000
72.403983 63.637437 129.600000
71.582117 63.749754 129.600000
70.790791 63.888301 129.600000
70.054016 64.047419 129.600000
69.357590 64.259851 129.600000
68.594440 64.655954 129.600000
67.829699 65.198463 129.600000
67.146923 65.831860 129.600000
66.629666 66.500632 129.600000
66.361483 67.149262 129.600000
66.377341 67.752416 129.600000
66.553231 68.376239 129.600000
66.856027 69.022262 129.600000
67.262853 69.685359 129.600000
67.750832 70.360402 129.600000
68.297089 71.042264 129.600000
68.878748 71.725817 129.600000
69.472933 72.405935 129.600000
70.056767 73.077489 129.600000
70.607375 73.735353 129.600000
71.103879 74.375270 129.600000
71.580823 75.014631 129.600000
72.060144 75.658825 129.600000
72.543848 76.303561 129.600000
73.033941 76.944545 129.600000
73.532426 77.577485 129.600000
74.041310 78.198089 129.600000
74.562598 78.802064 129.600000
75.098293 79.385117 129.600000
75.650403 79.942957 129.600000
76.220931 80.471289 129.600000
76.815299 81.012741 129.600000
77.437267 81.589041 129.600000
78.084911 82.144906 129.600000
78.756292 82.624863 129.600000
80.387001 82.208939 138.240000
80.956550 82.469562 138.240000
81.505752 82.685909 138.240000
82.000032 82.841738 138.240000
82.404821 82.920804 138.240000
82.713566 82.906088 138.240000
83.007879 82.787488 138.240000
83.292569 82.568257 138.240000
83.563685 82.252365 138.240000
83.817272 81.843782 138.240000
84.049377 81.346478 138.240000
84.256045 80.764423 138.240000
84.433324 80.101587 138.240000
84.577260 79.361940 138.240000
84.683899 78.549451 138.240000
84.749288 77.668091 138.240000
84.749288 77.668091 138.240000
84.640647 77.119127 138.240000
84.516426 76.576606 138.240000
84.377524 76.040838 138.240000
84.224843 75.512133 138.240000
84.059282 74.990801 138.240000
83.881742 74.477152 138.240000
83.693124 73.971496 138.240000
83.494328 73.474143 138.240000
83.286255 72.985403 138.240000
83.069804 72.505586 138.240000
82.845877 72.035002 138.240000
82.615374 71.573961 138.240000
82.373782 71.113110 138.240000
82.101952 70.618998 138.240000
81.801564 70.097891 138.240000
81.476561 69.560213 138.240000
81.130887 69.016387 138.240000
80.768486 68.476838 138.240000
80.393300 67.951989 138.240000
80.009273 67.452265 138.240000
79.620348 66.988089 138.240000
79.230470 66.569885 138.240000
78.843580 66.208079 138.240000
78.463623 65.913092 138.240000
78.094542 65.695350 138.240000
77.740280 65.565276 138.240000
77.403352 65.534439 138.240000
77.039958 65.645879 138.240000
76.641617 65.898823 138.240000
76.227083 66.268097 138.240000
75.815110 66.728532 138.240000
75.424452 67.254954 138.240000
75.073863 67.822194 138.240000
74.782096 68.405077 138.240000
74.567905 68.978435 138.240000
74.450045 69.517094 138.240000
74.435767 70.007187 138.240000
74.458711 70.507269 138.240000
74.503144 71.026254 138.240000
74.566806 71.559818 138.240000
74.647439 72.103642 138.240000
74.742784 72.653404 138.240000
74.850582 73.204782 138.240000
74.968573 73.753455 138.240000
75.094500 74.295102 138.240000
75.226103 74.825401 138.240000
75.361124 75.340031 138.240000
75.499761 75.837652 138.240000
75.663809 76.342759 138.240000
75.857111 76.857365 138.240000
76.077407 77.376006 138.240000
76.322437 77.893218 138.240000
76.589940 78.403537 138.240000
76.877656 78.901498 138.240000
77.183325 79.381638 138.240000
77.504685 79.838491 138.240000
77.839476 80.266595 138.240000
78.185438 80.660484 138.240000
78.540311 81.014696 138.240000
78.901985 81.323858 138.240000
79.325146 81.619844 138.240000
79.831675 81.920286 138.240000
80.387001 82.208939 138.240000
