81.729393 96.165045 34.560000
83.193486 95.898076 34.560000
84.580558 95.534422 34.560000
85.868771 95.111745 34.560000
87.097507 94.592296 34.560000
88.354994 93.862228 34.560000
89.598168 92.956233 34.560000
90.780273 91.913364 34.560000
91.854551 90.772677 34.560000
92.774245 89.573227 34.560000
93.492599 88.354070 34.560000
93.975937 87.142206 34.560000
94.376618 85.802377 34.560000
94.704278 84.351422 34.560000
94.897929 82.873880 34.560000
94.924506 81.438002 34.560000
94.916886 79.999632 34.560000
94.901651 78.552135 34.560000
94.878852 77.102577 34.560000
94.848537 75.658025 34.560000
94.810755 74.225544 34.560000
94.761486 72.811520 34.560000
94.553559 71.398719 34.560000
94.163441 69.991420 34.560000
93.660155 68.609515 34.560000
93.112724 67.272897 34.560000
92.555153 65.966313 34.560000
91.908038 64.611588 34.560000
91.168280 63.265799 34.560000
90.341431 61.996958 34.560000
89.433045 60.873076 34.560000
88.448674 59.962166 34.560000
87.303530 59.223044 34.560000
85.911670 58.626416 34.560000
84.503713 58.512648 34.560000
83.061686 58.630694 34.560000
81.625190 58.825246 34.560000
80.239254 59.160004 34.560000
78.882127 59.677274 34.560000
77.556428 60.235893 34.560000
76.272680 60.883456 34.560000
75.019210 61.593041 34.560000
73.795918 62.354709 34.560000
72.605703 63.154317 34.560000
71.420326 63.983586 34.560000
70.249518 64.845329 34.560000
69.111072 65.743323 34.560000
68.022779 66.681342 34.560000
67.002321 67.663166 34.560000
65.964696 68.696706 34.560000
64.896905 69.785417 34.560000
63.904378 70.927279 34.560000
63.092545 72.120275 34.560000
62.566838 73.362387 34.560000
62.277833 74.682032 34.560000
62.030838 76.099649 34.560000
61.842968 77.568098 34.560000
61.734525 79.039438 34.560000
61.728176 80.475120 34.560000
61.848357 81.917427 34.560000
62.073896 83.362019 34.560000
62.376076 84.787204 34.560000
62.726182 86.171288 34.560000
63.148353 87.523097 34.560000
63.797502 88.881604 34.560000
64.597470 90.094677 34.560000
65.480074 91.064574 34.560000
66.516547 91.994381 34.560000
67.689642 92.888568 34.560000
68.967260 93.718855 34.560000
70.317301 94.456963 34.560000
71.707664 95.074611 34.560000
73.106248 95.543521 34.560000
74.480952 95.835412 34.560000
75.853406 96.011072 34.560000
77.271944 96.158409 34.560000
78.727319 96.259882 34.560000
80.210121 96.297668 34.560000
80.210121 96.297668 34.560000
81.729393 96.165045 34.560000
82.636795 98.355774 43.200000
84.258521 97.963151 43.200000
85.791105 97.458713 43.200000
87.216738 96.881498 43.200000
88.594058 96.128857 43.200000
89.944102 95.152500 43.200000
91.226428 94.012098 43.200000
92.400597 92.767317 43.200000
93.426167 91.477827 43.200000
94.287728 90.185292 43.200000
95.147228 88.781472 43.200000
95.949292 87.272838 43.200000
96.580009 85.703950 43.200000
96.925468 84.119367 43.200000
96.951976 82.542452 43.200000
96.916548 80.924048 43.200000
96.854560 79.278976 43.200000
96.771318 77.630258 43.200000
96.672125 76.000919 43.200000
96.521028 74.377212 43.200000
96.254913 72.723610 43.200000
95.888588 71.075886 43.200000
95.438450 69.471246 43.200000
94.920893 67.946898 43.200000
94.349176 66.539209 43.200000
93.548173 65.221939 43.200000
92.482580 63.968938 43.200000
91.254826 62.783900 43.200000
89.967336 61.670518 43.200000
88.715806 60.632069 43.200000
87.431023 59.659836 43.200000
86.079957 58.743001 43.200000
84.684048 57.873492 43.200000
83.264737 57.043241 43.200000
81.843037 56.244583 43.200000
80.392405 55.506916 43.200000
78.925561 54.792664 43.200000
77.221258 53.879925 43.200000
75.764226 53.151353 43.200000
75.249533 53.430643 43.200000
75.010379 54.975227 43.200000
74.827922 57.078349 43.200000
74.556591 58.987547 43.200000
73.973053 60.283974 43.200000
72.922866 61.409968 43.200000
71.578375 62.452384 43.200000
70.122096 63.474610 43.200000
68.736544 64.540035 43.200000
67.578144 65.705653 43.200000
66.450797 66.931642 43.200000
65.339710 68.200356 43.200000
64.333312 69.516790 43.200000
63.520031 70.885941 43.200000
62.939527 72.318904 43.200000
62.405289 73.839843 43.200000
61.919148 75.427245 43.200000
61.517739 77.053856 43.200000
61.237697 78.692418 43.200000
61.115659 80.315677 43.200000
61.157423 81.937408 43.200000
61.311337 83.594919 43.200000
61.553962 85.247907 43.200000
61.862673 86.854605 43.200000
62.215113 88.373388 43.200000
62.777194 89.862813 43.200000
63.632932 91.338062 43.200000
64.678348 92.714374 43.200000
65.809462 93.906991 43.200000
66.964184 94.883267 43.200000
68.278900 95.836149 43.200000
69.733706 96.733129 43.200000
71.279074 97.502889 43.200000
72.865476 98.074111 43.200000
74.443382 98.375475 43.200000
76.009712 98.466551 43.200000
77.618613 98.535430 43.200000
79.265403 98.580451 43.200000
80.944272 98.596576 43.200000
80.944272 98.596576 43.200000
82.636795 98.355774 43.200000
82.022404 100.324713 51.840000
83.974070 99.925521 51.840000
85.812594 99.363326 51.840000
87.529284 98.679899 51.840000
89.115448 97.917008 51.840000
90.583818 97.084465 51.840000
92.086160 95.938617 51.840000
93.533059 94.507793 51.840000
94.774825 92.901438 51.840000
95.661766 91.229002 51.840000
96.100476 89.566461 51.840000
96.402532 87.767319 51.840000
96.635520 85.861457 51.840000
96.791604 83.926224 51.840000
96.865831 82.033853 51.840000
96.909361 80.146305 51.840000
96.940836 78.257264 51.840000
96.956605 76.396299 51.840000
96.874002 74.556018 51.840000
96.471254 72.666345 51.840000
95.810991 70.792950 51.840000
94.977652 69.011799 51.840000
94.055675 67.398861 51.840000
93.082870 66.026269 51.840000
91.738477 64.876302 51.840000
90.105197 63.849924 51.840000
88.382484 62.846327 51.840000
86.769794 61.764698 51.840000
85.401551 60.521106 51.840000
84.145981 59.140902 51.840000
82.953180 57.674878 51.840000
81.787418 56.171967 51.840000
80.612961 54.681100 51.840000
79.394079 53.251212 51.840000
78.095039 51.931234 51.840000
76.508541 50.611648 51.840000
74.538296 49.161093 51.840000
72.566447 47.796331 51.840000
70.982491 46.740056 51.840000
70.175926 46.214963 51.840000
70.664851 46.836900 51.840000
72.073206 48.730742 51.840000
73.051399 50.465655 51.840000
73.934190 52.219449 51.840000
74.673041 54.023867 51.840000
75.081254 55.799219 51.840000
74.867544 57.492925 51.840000
73.885540 59.146238 51.840000
72.716967 60.757738 51.840000
71.687685 62.317016 51.840000
70.582661 63.829549 51.840000
69.439299 65.320829 51.840000
68.301518 66.816565 51.840000
67.212727 68.342337 51.840000
66.066345 69.879223 51.840000
64.886012 71.421984 51.840000
63.859321 73.003412 51.840000
63.173858 74.656301 51.840000
62.734112 76.409730 51.840000
62.342642 78.247485 51.840000
62.026762 80.134638 51.840000
61.813783 82.036264 51.840000
61.731020 83.917436 51.840000
61.784658 85.827537 51.840000
61.948772 87.793732 51.840000
62.207510 89.715238 51.840000
62.545067 91.490967 51.840000
63.052214 93.054860 51.840000
64.240522 94.522594 51.840000
65.832736 95.819789 51.840000
67.422693 96.836591 51.840000
69.028703 97.685417 51.840000
70.759213 98.451183 51.840000
72.569121 99.114039 51.840000
74.413323 99.654136 51.840000
76.246745 100.051649 51.840000
78.088338 100.336632 51.840000
79.966287 100.519134 51.840000
79.966287 100.519134 51.840000
82.022404 100.324713 51.840000
81.474303 98.963864 60.480000
81.474303 98.963864 60.480000
83.315653 98.780297 60.480000
85.066883 98.407897 60.480000
86.691809 97.910864 60.480000
88.165017 97.327369 60.480000
89.567848 96.457523 60.480000
90.910776 95.311593 60.480000
92.175883 93.972528 60.480000
93.345248 92.523280 60.480000
94.400953 91.046797 60.480000
95.336319 89.616560 60.480000
96.301633 88.125933 60.480000
97.221190 86.545097 60.480000
97.927626 84.905914 60.480000
98.253581 83.240241 60.480000
98.259328 81.532067 60.480000
98.259328 79.769831 60.480000
98.237410 78.031386 60.480000
98.056101 76.269018 60.480000
97.721960 74.499661 60.480000
97.271912 72.760889 60.480000
96.742882 71.090281 60.480000
96.171796 69.525412 60.480000
95.475589 68.081804 60.480000
94.484007 66.721716 60.480000
93.281688 65.423895 60.480000
91.959963 64.167924 60.480000
90.610159 62.933383 60.480000
89.323608 61.699854 60.480000
88.090162 60.475009 60.480000
86.824691 59.278502 60.480000
85.544422 58.096368 60.480000
84.227856 56.883818 60.480000
82.665066 55.463430 60.480000
80.956983 53.926438 60.480000
79.266315 52.414528 60.480000
77.755772 51.069388 60.480000
76.588062 50.032704 60.480000
75.925893 49.446162 60.480000
75.835233 49.711850 60.480000
75.835233 51.697354 60.480000
75.817501 53.704841 60.480000
75.429313 55.398785 60.480000
74.717651 57.050544 60.480000
73.928069 58.603723 60.480000
73.031569 60.031961 60.480000
71.929797 61.375727 60.480000
70.727214 62.680709 60.480000
69.528278 63.992593 60.480000
68.426989 65.353294 60.480000
67.314727 66.727329 60.480000
66.192438 68.108442 60.480000
65.138756 69.516966 60.480000
64.232313 70.973233 60.480000
63.522859 72.497712 60.480000
62.843183 74.098363 60.480000
62.197974 75.758059 60.480000
61.643687 77.457218 60.480000
61.236776 79.176260 60.480000
61.033693 80.895604 60.480000
61.022841 82.622690 60.480000
61.033377 84.403921 60.480000
61.055301 86.196136 60.480000
61.091028 87.950455 60.480000
61.142971 89.617997 60.480000
61.736431 91.159296 60.480000
62.841716 92.572616 60.480000
63.967560 93.951812 60.480000
65.202920 95.209297 60.480000
66.534163 96.233721 60.480000
67.991359 97.223773 60.480000
69.556895 98.175258 60.480000
71.193138 98.972166 60.480000
72.862453 99.498487 60.480000
74.528571 99.646740 60.480000
76.212615 99.631224 60.480000
77.933490 99.549440 60.480000
79.688339 99.345587 60.480000
81.474303 98.963864 60.480000
82.243867 97.915517 69.120000
82.243867 97.915517 69.120000
83.969431 97.668066 69.120000
85.622902 97.266089 69.120000
87.183765 96.751689 69.120000
88.635907 96.159994 69.120000
90.059397 95.366786 69.120000
91.454715 94.355949 69.120000
92.773397 93.186184 69.120000
93.966975 91.916190 69.120000
94.986985 90.604669 69.120000
95.832030 89.275758 69.120000
96.670080 87.808638 69.120000
97.423365 86.233203 69.120000
97.977344 84.604500 69.120000
98.217477 82.977572 69.120000
98.197404 81.353585 69.120000
98.123456 79.688510 69.120000
98.004308 78.004128 69.120000
97.846600 76.322884 69.120000
97.656972 74.667219 69.120000
97.386388 73.038290 69.120000
96.868103 71.413913 69.120000
96.210056 69.904666 69.120000
95.420993 68.536516 69.120000
94.435408 67.235982 69.120000
93.302209 65.992725 69.120000
92.070445 64.796498 69.120000
90.789165 63.637057 69.120000
89.507420 62.504158 69.120000
88.263272 61.382851 69.120000
86.846828 60.164824 69.120000
85.227671 58.851121 69.120000
83.494872 57.498821 69.120000
81.737505 56.165002 69.120000
80.044643 54.906744 69.120000
78.505360 53.781125 69.120000
77.208728 52.845225 69.120000
76.243821 52.156123 69.120000
75.699713 51.770898 69.120000
75.652256 51.945823 69.120000
75.913239 53.706236 69.120000
76.073740 55.730048 69.120000
75.882288 57.437323 69.120000
75.466688 59.076047 69.120000
74.907684 60.436571 69.120000
73.952797 61.621546 69.120000
72.684829 62.700222 69.120000
71.234296 63.722873 69.120000
69.731714 64.739770 69.120000
68.307601 65.801189 69.120000
67.067430 66.952123 69.120000
65.751836 68.145749 69.120000
64.512603 69.387043 69.120000
63.682953 70.714541 69.120000
63.332918 72.168015 69.120000
63.050705 73.747911 69.120000
62.819637 75.416836 69.120000
62.639834 77.136728 69.120000
62.511418 78.869526 69.120000
62.434512 80.577168 69.120000
62.398601 82.253195 69.120000
62.370386 83.959332 69.120000
62.348673 85.662428 69.120000
62.334837 87.321712 69.120000
62.331202 88.896774 69.120000
62.743471 90.488488 69.120000
63.691481 92.049780 69.120000
64.863368 93.361515 69.120000
66.012233 94.272121 69.120000
67.337873 95.069394 69.120000
68.847259 95.800091 69.120000
70.484180 96.442196 69.120000
72.192423 96.973688 69.120000
73.915775 97.372549 69.120000
75.598026 97.616761 69.120000
77.227578 97.734683 69.120000
78.879451 97.828274 69.120000
80.553030 97.891988 69.120000
82.243867 97.915517 69.120000
82.116678 97.272056 77.760000
82.116678 97.272056 77.760000
83.725285 96.928798 77.760000
85.290596 96.487286 77.760000
86.808043 95.963798 77.760000
88.273057 95.374614 77.760000
89.701339 94.726729 77.760000
91.204885 93.964849 77.760000
92.709281 93.087622 77.760000
94.102699 92.108135 77.760000
95.273311 91.039475 77.760000
96.109379 89.894675 77.760000
96.719843 88.575276 77.760000
97.253809 87.047921 77.760000
97.684546 85.408193 77.760000
97.985320 83.751676 77.760000
98.143637 82.155159 77.760000
98.259772 80.536151 77.760000
98.353153 78.900088 77.760000
98.417077 77.285165 77.760000
98.444844 75.729577 77.760000
98.283178 74.235924 77.760000
97.722402 72.763069 77.760000
96.876998 71.324975 77.760000
95.868372 69.937019 77.760000
94.817928 68.614580 77.760000
93.834286 67.372725 77.760000
92.780750 66.211388 77.760000
91.617334 65.111108 77.760000
90.386008 64.051444 77.760000
89.128744 63.011956 77.760000
87.887513 61.972203 77.760000
86.665967 60.935388 77.760000
85.428146 59.916800 77.760000
84.208219 58.875256 77.760000
83.013124 57.797611 77.760000
81.803146 56.744854 77.760000
80.510492 55.767184 77.760000
78.772881 54.666991 77.760000
77.272763 53.779530 77.760000
76.973644 53.740667 77.760000
77.476868 55.378550 77.760000
77.841769 57.244952 77.760000
77.394573 58.472537 77.760000
76.242589 59.573091 77.760000
74.738774 60.607874 77.760000
73.236100 61.637787 77.760000
71.987442 62.700559 77.760000
70.717005 63.728883 77.760000
69.430857 64.745805 77.760000
68.198590 65.790643 77.760000
67.089795 66.902712 77.760000
66.148429 68.121688 77.760000
65.257984 69.462553 77.760000
64.438752 70.893231 77.760000
63.745433 72.377490 77.760000
63.232727 73.879098 77.760000
62.858198 75.400296 77.760000
62.509758 76.972592 77.760000
62.209414 78.575539 77.760000
61.980690 80.188096 77.760000
61.847107 81.789219 77.760000
61.841998 83.368941 77.760000
62.061599 85.000028 77.760000
62.474512 86.633994 77.760000
63.017530 88.188819 77.760000
63.627447 89.582478 77.760000
64.403081 90.824862 77.760000
65.519598 92.009702 77.760000
66.851240 93.089945 77.760000
68.267311 94.015989 77.760000
69.647308 94.748751 77.760000
71.074757 95.429084 77.760000
72.582780 96.073426 77.760000
74.143991 96.625913 77.760000
75.731004 97.030680 77.760000
77.316434 97.231863 77.760000
78.894026 97.256201 77.760000
80.495930 97.267783 77.760000
82.116678 97.272056 77.760000
81.758278 94.901389 86.400000
81.758278 94.901389 86.400000
83.193699 94.642468 86.400000
84.585560 94.282568 86.400000
85.924264 93.842794 86.400000
87.201043 93.343537 86.400000
88.481223 92.734022 86.400000
89.769913 91.990671 86.400000
91.009258 91.139064 86.400000
92.141400 90.204780 86.400000
93.108484 89.213399 86.400000
93.873809 88.178968 86.400000
94.602285 87.011402 86.400000
95.298010 85.719638 86.400000
95.906118 84.345956 86.400000
96.371741 82.932633 86.400000
96.640012 81.521948 86.400000
96.678939 80.143090 86.400000
96.634250 78.729124 86.400000
96.545324 77.283772 86.400000
96.416030 75.831940 86.400000
96.250233 74.398534 86.400000
96.051801 73.008462 86.400000
95.814690 71.685426 86.400000
95.285955 70.414051 86.400000
94.486274 69.187827 86.400000
93.595071 68.015635 86.400000
92.743971 66.893482 86.400000
91.841853 65.783554 86.400000
90.880227 64.703932 86.400000
89.867560 63.678912 86.400000
88.812323 62.732794 86.400000
87.721250 61.886974 86.400000
86.526600 61.031072 86.400000
85.228022 60.146996 86.400000
83.878350 59.302054 86.400000
82.530417 58.563555 86.400000
81.237056 57.998806 86.400000
80.051099 57.675115 86.400000
79.028124 57.779139 86.400000
78.162731 58.906196 86.400000
77.297893 60.317436 86.400000
76.293356 61.319979 86.400000
75.189744 62.213540 86.400000
74.070804 63.097255 86.400000
72.994965 64.024087 86.400000
71.908792 64.956579 86.400000
70.833064 65.902654 86.400000
69.802646 66.880146 86.400000
68.852399 67.906887 86.400000
67.974218 68.998751 86.400000
67.106989 70.153645 86.400000
66.296478 71.359842 86.400000
65.593236 72.605525 86.400000
65.047814 73.878877 86.400000
64.625625 75.189171 86.400000
64.242345 76.549245 86.400000
63.905727 77.943894 86.400000
63.623879 79.357813 86.400000
63.404907 80.775700 86.400000
63.255876 82.185030 86.400000
63.137842 83.675705 86.400000
63.033986 85.220433 86.400000
62.953097 86.713469 86.400000
62.903966 88.049072 86.400000
62.936693 89.134453 86.400000
63.606883 90.087467 86.400000
64.855898 90.950271 86.400000
66.384879 91.704525 86.400000
67.894973 92.331888 86.400000
69.196814 92.841344 86.400000
70.523974 93.316142 86.400000
71.893091 93.747507 86.400000
73.288978 94.117092 86.400000
74.696449 94.406548 86.400000
76.100315 94.597528 86.400000
77.498970 94.712760 86.400000
78.908897 94.809356 86.400000
80.329121 94.876331 86.400000
81.758278 94.901389 86.400000
81.822017 94.350671 95.040000
81.822017 94.350671 95.040000
83.172819 94.163283 95.040000
84.476246 93.863451 95.040000
85.723572 93.480549 95.040000
86.906407 93.043250 95.040000
88.062131 92.478414 95.040000
89.197811 91.752465 95.040000
90.280667 90.909581 95.040000
91.277918 89.993941 95.040000
92.156784 89.049724 95.040000
92.977800 88.064181 95.040000
93.829769 86.976317 95.040000
94.622200 85.811929 95.040000
95.261943 84.598261 95.040000
95.655850 83.362558 95.040000
95.735936 82.126031 95.040000
95.735936 80.843292 95.040000
95.735936 79.517586 95.040000
95.735936 78.172680 95.040000
95.735936 76.832343 95.040000
95.735936 75.520343 95.040000
95.648395 74.234119 95.040000
95.291736 72.938904 95.040000
94.761379 71.679327 95.040000
94.167228 70.504273 95.040000
93.547490 69.435846 95.040000
92.778726 68.422593 95.040000
91.885953 67.455188 95.040000
90.904465 66.527782 95.040000
89.869555 65.634525 95.040000
88.816518 64.769567 95.040000
87.780648 63.927060 95.040000
86.772846 63.067856 95.040000
85.744224 62.164881 95.040000
84.679537 61.324824 95.040000
83.565728 60.659262 95.040000
82.374946 60.258796 95.040000
81.026683 59.982564 95.040000
79.823650 59.951893 95.040000
78.805801 60.695460 95.040000
77.879184 61.846804 95.040000
77.018699 62.874336 95.040000
76.238279 63.938964 95.040000
75.425148 64.969937 95.040000
74.524901 65.919469 95.040000
73.574357 66.829096 95.040000
72.601798 67.721476 95.040000
71.635505 68.619268 95.040000
70.703759 69.545131 95.040000
69.808926 70.507754 95.040000
68.901087 71.480640 95.040000
68.004713 72.469863 95.040000
67.149775 73.484218 95.040000
66.366242 74.532499 95.040000
65.684083 75.623498 95.040000
65.004692 76.784632 95.040000
64.439024 78.010627 95.040000
64.296299 79.266522 95.040000
64.301610 80.589353 95.040000
64.313393 81.961785 95.040000
64.331634 83.341024 95.040000
64.356316 84.684277 95.040000
64.387425 85.948752 95.040000
64.456380 87.102666 95.040000
64.918205 88.239322 95.040000
65.757870 89.347057 95.040000
66.828817 90.371001 95.040000
67.984488 91.256282 95.040000
69.078629 91.948270 95.040000
70.168783 92.539520 95.040000
71.362302 93.112208 95.040000
72.629187 93.628821 95.040000
73.939440 94.051844 95.040000
75.263062 94.343765 95.040000
76.570056 94.467069 95.040000
77.860036 94.467406 95.040000
79.166650 94.455403 95.040000
80.488095 94.420556 95.040000
81.822017 94.350671 95.040000
81.026950 92.785939 103.680000
81.026950 92.785939 103.680000
82.272604 92.720692 103.680000
83.465658 92.544468 103.680000
84.595900 92.286546 103.680000
85.653118 91.976204 103.680000
86.638758 91.616901 103.680000
87.620575 91.051688 103.680000
88.577317 90.297259 103.680000
89.467678 89.412701 103.680000
90.250352 88.457103 103.680000
90.884034 87.489550 103.680000
91.353674 86.532355 103.680000
91.745903 85.486729 103.680000
92.084132 84.369185 103.680000
92.382479 83.210499 103.680000
92.655063 82.041446 103.680000
92.916004 80.892801 103.680000
93.187101 79.724042 103.680000
93.473794 78.475834 103.680000
93.758054 77.196256 103.680000
94.021729 75.934156 103.680000
94.246667 74.738378 103.680000
94.414716 73.657770 103.680000
94.507721 72.741176 103.680000
94.399216 72.021246 103.680000
93.566108 71.420481 103.680000
92.287473 70.901386 103.680000
90.973873 70.440310 103.680000
89.877823 70.030858 103.680000
88.760020 69.691330 103.680000
87.625437 69.382651 103.680000
86.503872 69.062091 103.680000
85.425124 68.686916 103.680000
84.414342 68.177025 103.680000
83.460579 67.413665 103.680000
82.542134 66.513271 103.680000
81.638010 65.613533 103.680000
80.727206 64.852147 103.680000
79.788726 64.366804 103.680000
78.799072 64.282264 103.680000
77.728388 64.513394 103.680000
76.614153 64.954411 103.680000
75.508235 65.531696 103.680000
74.462497 66.171633 103.680000
73.527484 66.805047 103.680000
72.686146 67.539959 103.680000
71.902341 68.405964 103.680000
71.159962 69.340772 103.680000
70.442901 70.282095 103.680000
69.731889 71.194811 103.680000
69.021009 72.121298 103.680000
68.330899 73.067023 103.680000
67.683140 74.034311 103.680000
67.099314 75.025483 103.680000
66.583310 76.044597 103.680000
66.043722 77.102427 103.680000
65.538215 78.190536 103.680000
65.156775 79.296920 103.680000
64.989389 80.409576 103.680000
65.033628 81.551081 103.680000
65.178511 82.738388 103.680000
65.401772 83.924885 103.680000
65.682069 85.063492 103.680000
65.998062 86.107128 103.680000
66.458935 87.084878 103.680000
67.159158 88.042718 103.680000
68.018687 88.939163 103.680000
68.957210 89.732586 103.680000
69.894419 90.381358 103.680000
70.846682 90.946179 103.680000
71.883784 91.504639 103.680000
72.981500 92.012357 103.680000
74.115425 92.424740 103.680000
75.261154 92.697196 103.680000
76.394477 92.785939 103.680000
77.527579 92.785939 103.680000
78.678697 92.785939 103.680000
79.845824 92.785939 103.680000
81.026950 92.785939 103.680000
82.945024 91.311399 112.320000
82.945024 91.311399 112.320000
83.917408 91.151528 112.320000
84.844844 90.907096 112.320000
85.717056 90.594739 112.320000
86.523769 90.231095 112.320000
87.254949 89.832353 112.320000
87.944675 89.334961 112.320000
88.611902 88.708005 112.320000
89.241193 87.984866 112.320000
89.817113 87.198929 112.320000
90.324226 86.383576 112.320000
90.747095 85.572191 112.320000
91.105914 84.765356 112.320000
91.458996 83.908782 112.320000
91.768166 83.018376 112.320000
91.990940 82.113601 112.320000
92.084837 81.213921 112.320000
92.055267 80.315203 112.320000
91.960822 79.399808 112.320000
91.815499 78.480191 112.320000
91.632921 77.569016 112.320000
91.426708 76.678949 112.320000
91.204089 75.821592 112.320000
90.885664 74.988981 112.320000
90.469655 74.174513 112.320000
89.989485 73.375975 112.320000
89.478579 72.591153 112.320000
88.970362 71.817835 112.320000
88.484887 70.990391 112.320000
87.991533 70.059154 112.320000
87.461049 69.220061 112.320000
86.864999 68.677990 112.320000
86.157595 68.518022 112.320000
85.291321 68.416883 112.320000
84.329566 68.341463 112.320000
83.343812 68.294475 112.320000
82.405514 68.278647 112.320000
81.499018 68.334495 112.320000
80.576722 68.486933 112.320000
79.653884 68.719669 112.320000
78.745763 69.016411 112.320000
77.867618 69.360868 112.320000
77.034707 69.736747 112.320000
76.262288 70.127756 112.320000
75.557253 70.580432 112.320000
74.902173 71.191367 112.320000
74.284555 71.904943 112.320000
73.692322 72.660476 112.320000
73.113398 73.397283 112.320000
72.515963 74.101441 112.320000
71.900130 74.816106 112.320000
71.315514 75.548743 112.320000
70.811903 76.306585 112.320000
70.439082 77.096870 112.320000
70.147476 77.944431 112.320000
69.875608 78.846381 112.320000
69.650516 79.769627 112.320000
69.499240 80.681075 112.320000
69.449271 81.547765 112.320000
69.608976 82.373580 112.320000
69.993391 83.179529 112.320000
70.525394 83.969003 112.320000
71.127863 84.745392 112.320000
71.723676 85.512086 112.320000
72.245224 86.276908 112.320000
72.745834 87.073021 112.320000
73.263655 87.865167 112.320000
73.815941 88.601855 112.320000
74.419946 89.231593 112.320000
75.099590 89.778504 112.320000
75.862809 90.335822 112.320000
76.687200 90.853683 112.320000
77.549819 91.278542 112.320000
78.427720 91.556858 112.320000
79.298642 91.638206 112.320000
80.178354 91.631150 112.320000
81.080990 91.592503 112.320000
82.004047 91.495005 112.320000
82.945024 91.311399 112.320000
