71.918240 97.154863 32.000000
74.270366 97.450219 32.000000
76.568821 97.605047 32.000000
78.810149 97.664738 32.000000
80.990893 97.674687 32.000000
83.224462 97.424173 32.000000
85.576488 96.646435 32.000000
87.881852 95.475546 32.000000
89.973870 94.048596 32.000000
91.685860 92.502677 32.000000
92.862082 90.964223 32.000000
93.802438 89.141102 32.000000
94.656588 86.959000 32.000000
95.352762 84.571532 32.000000
95.819187 82.132314 32.000000
95.984154 79.794833 32.000000
95.888135 77.503147 32.000000
95.633380 75.158031 32.000000
95.254561 72.819760 32.000000
94.786353 70.548611 32.000000
94.263431 68.404859 32.000000
93.534001 66.385423 32.000000
92.425439 64.429341 32.000000
91.035682 62.536294 32.000000
89.463915 60.706309 32.000000
87.809323 58.939414 32.000000
86.171090 57.235638 32.000000
84.594447 55.597780 32.000000
82.927745 54.031381 32.000000
81.178635 52.524380 32.000000
79.376722 51.063129 32.000000
77.551612 49.633980 32.000000
75.732325 48.222093 32.000000
73.914687 46.787333 32.000000
72.073997 45.366172 32.000000
70.191761 44.027731 32.000000
68.249483 42.841133 32.000000
66.209588 41.750222 32.000000
64.058144 40.610044 32.000000
61.857738 39.571008 32.000000
59.672802 38.792454 32.000000
57.567767 38.433719 32.000000
55.459428 38.721829 32.000000
53.230469 39.715690 32.000000
51.090543 41.183224 32.000000
49.255454 42.888114 32.000000
47.941005 44.594044 32.000000
47.055025 46.397938 32.000000
46.302420 48.529984 32.000000
45.672516 50.863442 32.000000
45.155253 53.270861 32.000000
44.740572 55.624788 32.000000
44.389377 57.884625 32.000000
44.051482 60.159920 32.000000
43.745502 62.449167 32.000000
43.491707 64.747108 32.000000
43.310367 67.048489 32.000000
43.221753 69.348052 32.000000
43.219258 71.651881 32.000000
43.233836 73.979365 32.000000
43.260198 76.309198 32.000000
43.297948 78.617588 32.000000
43.346691 80.880742 32.000000
43.498527 83.153380 32.000000
44.071799 85.623344 32.000000
44.991109 88.070070 32.000000
46.139792 90.234475 32.000000
47.401183 91.857477 32.000000
48.796652 92.846677 32.000000
50.680899 93.656173 32.000000
52.938624 94.342448 32.000000
55.410304 94.915472 32.000000
57.936414 95.385218 32.000000
60.357429 95.761655 32.000000
62.626078 96.071639 32.000000
64.906866 96.342730 32.000000
67.204265 96.551632 32.000000
69.515903 96.673586 32.000000
69.515903 96.673586 32.000000
71.918240 97.154863 32.000000
72.741908 98.194861 40.000000
72.741908 98.194861 40.000000
75.085593 98.459420 40.000000
77.365111 98.619224 40.000000
79.573253 98.700679 40.000000
81.702810 98.730193 40.000000
83.746703 98.733782 40.000000
85.807949 98.379757 40.000000
87.910121 97.466136 40.000000
89.949931 96.144822 40.000000
91.824087 94.567719 40.000000
93.429298 92.886731 40.000000
94.662529 91.253475 40.000000
95.698250 89.501479 40.000000
96.680164 87.472496 40.000000
97.506626 85.277156 40.000000
98.075995 83.026093 40.000000
98.286630 80.829934 40.000000
98.213462 78.639789 40.000000
98.012141 76.381769 40.000000
97.707334 74.123875 40.000000
97.323704 71.934113 40.000000
96.885917 69.880485 40.000000
96.212291 67.949706 40.000000
95.120042 66.071953 40.000000
93.724813 64.261207 40.000000
92.143312 62.531809 40.000000
90.492250 60.898097 40.000000
88.888293 59.374415 40.000000
87.253245 57.975745 40.000000
85.478973 56.680814 40.000000
83.620662 55.450452 40.000000
81.733501 54.245491 40.000000
79.872676 53.026763 40.000000
78.067747 51.707411 40.000000
76.281721 50.284044 40.000000
74.481451 48.905153 40.000000
72.634071 47.720638 40.000000
70.706715 46.880395 40.000000
68.628842 46.296208 40.000000
66.398318 45.753163 40.000000
64.102681 45.280537 40.000000
61.829622 44.908211 40.000000
59.666832 44.666067 40.000000
57.701666 44.584809 40.000000
55.820302 45.139218 40.000000
53.963474 46.494266 40.000000
52.253994 48.329140 40.000000
50.814670 50.323024 40.000000
49.759414 52.173392 40.000000
48.941753 54.096474 40.000000
48.247731 56.199442 40.000000
47.650754 58.403480 40.000000
47.124228 60.629770 40.000000
46.640188 62.802235 40.000000
46.141454 64.954718 40.000000
45.641110 67.121779 40.000000
45.183280 69.299206 40.000000
44.812083 71.482788 40.000000
44.571642 73.668315 40.000000
44.504872 75.853580 40.000000
44.588316 78.106404 40.000000
44.782908 80.404390 40.000000
45.071302 82.668724 40.000000
45.436153 84.820591 40.000000
45.861215 86.782157 40.000000
46.681298 88.780606 40.000000
48.041844 90.847656 40.000000
49.753525 92.710992 40.000000
51.627011 94.098303 40.000000
53.473717 94.738547 40.000000
55.413076 94.912842 40.000000
57.577241 95.016314 40.000000
59.876754 95.085961 40.000000
62.222157 95.158782 40.000000
64.523992 95.271779 40.000000
66.693782 95.465438 40.000000
68.756132 96.051997 40.000000
70.769046 97.043238 40.000000
72.741908 98.194861 40.000000
72.921224 97.828931 48.000000
72.921224 97.828931 48.000000
75.323388 98.284836 48.000000
77.664248 98.560998 48.000000
79.937483 98.702472 48.000000
82.136770 98.754315 48.000000
84.255807 98.761545 48.000000
86.441948 98.425798 48.000000
88.730875 97.531524 48.000000
90.960017 96.225445 48.000000
92.966804 94.654281 48.000000
94.588667 92.964755 48.000000
95.663457 91.303183 48.000000
96.412143 89.464767 48.000000
97.082264 87.288364 48.000000
97.621185 84.918615 48.000000
97.976272 82.500161 48.000000
98.095175 80.177093 48.000000
98.026653 77.903316 48.000000
97.847137 75.597277 48.000000
97.572839 73.297686 48.000000
97.219974 71.043250 48.000000
96.804754 68.872678 48.000000
96.034214 66.728023 48.000000
94.827310 64.704736 48.000000
93.447168 63.048356 48.000000
91.671678 61.705989 48.000000
89.645771 60.506365 48.000000
87.616710 59.291624 48.000000
85.831614 57.903846 48.000000
84.359034 56.203892 48.000000
83.027807 54.299282 48.000000
81.703107 52.393109 48.000000
80.250107 50.688463 48.000000
78.597833 49.174369 48.000000
76.815238 47.614005 48.000000
74.926497 46.106991 48.000000
72.954120 44.760374 48.000000
70.920620 43.681197 48.000000
68.848508 42.976507 48.000000
66.724162 42.666084 48.000000
64.443733 42.433356 48.000000
62.087164 42.248069 48.000000
59.755457 42.122523 48.000000
57.549615 42.069017 48.000000
55.390582 42.360682 48.000000
53.132068 43.335342 48.000000
50.997373 44.770595 48.000000
49.216568 46.433999 48.000000
48.019456 48.093373 48.000000
47.218366 49.905534 48.000000
46.524021 52.053783 48.000000
45.956251 54.401898 48.000000
45.534888 56.813660 48.000000
45.279764 59.152849 48.000000
45.135758 61.403255 48.000000
45.010217 63.671674 48.000000
44.905792 65.951872 48.000000
44.825718 68.236801 48.000000
44.773226 70.519416 48.000000
44.751548 72.792670 48.000000
44.807776 75.084998 48.000000
45.005189 77.421317 48.000000
45.319525 79.743275 48.000000
45.725010 81.991191 48.000000
46.195874 84.105383 48.000000
46.896840 86.177513 48.000000
48.073638 88.331083 48.000000
49.586832 90.358867 48.000000
51.289809 92.047694 48.000000
53.035954 93.184392 48.000000
54.886963 93.827911 48.000000
57.012259 94.306600 48.000000
59.318795 94.686854 48.000000
61.711932 95.033214 48.000000
64.097027 95.410226 48.000000
66.379467 95.882424 48.000000
68.573579 96.467893 48.000000
70.753035 97.125718 48.000000
72.921224 97.828931 48.000000
74.718906 100.315498 56.000000
74.718906 100.315498 56.000000
77.043493 100.222687 56.000000
79.299609 99.973928 56.000000
81.473013 99.613729 56.000000
83.549465 99.186599 56.000000
85.601711 98.563396 56.000000
87.685638 97.581684 56.000000
89.713641 96.324114 56.000000
91.597473 94.874516 56.000000
93.248884 93.316724 56.000000
94.579628 91.734567 56.000000
95.747615 90.001770 56.000000
96.882976 88.005853 56.000000
97.859919 85.847854 56.000000
98.552657 83.628814 56.000000
98.835399 81.449773 56.000000
98.752228 79.271278 56.000000
98.493139 76.995581 56.000000
98.088390 74.694684 56.000000
97.567493 72.441274 56.000000
96.959963 70.308042 56.000000
96.295314 68.367676 56.000000
95.301589 66.632093 56.000000
93.818134 65.029906 56.000000
92.046253 63.509441 56.000000
90.187250 62.019024 56.000000
88.442430 60.506981 56.000000
86.848687 58.955024 56.000000
85.256521 57.397337 56.000000
83.655093 55.849027 56.000000
82.034508 54.325032 56.000000
80.384871 52.840293 56.000000
78.697328 51.405141 56.000000
76.989218 49.926054 56.000000
75.257538 48.431470 56.000000
73.485451 47.016069 56.000000
71.656120 45.774536 56.000000
69.752706 44.801551 56.000000
67.695908 43.994646 56.000000
65.476582 43.211632 56.000000
63.194508 42.514485 56.000000
60.949507 41.965286 56.000000
58.841401 41.626112 56.000000
56.952916 41.592053 56.000000
55.083928 42.420554 56.000000
53.267956 44.020106 56.000000
51.661874 46.034055 56.000000
50.422560 48.105746 56.000000
49.621994 50.002420 56.000000
48.959987 52.061663 56.000000
48.403448 54.268708 56.000000
47.965567 56.543375 56.000000
47.659530 58.805479 56.000000
47.469342 61.007673 56.000000
47.304206 63.217401 56.000000
47.161804 65.438126 56.000000
47.048185 67.665280 56.000000
46.969396 69.894297 56.000000
46.931485 72.120611 56.000000
46.934428 74.372297 56.000000
46.962000 76.706120 56.000000
47.012054 79.039184 56.000000
47.083702 81.279672 56.000000
47.176056 83.335765 56.000000
47.527055 85.169298 56.000000
48.719881 86.892481 56.000000
50.493038 88.506642 56.000000
52.528222 90.002930 56.000000
54.507126 91.372495 56.000000
56.291038 92.629199 56.000000
58.160747 93.820510 56.000000
60.110790 94.939152 56.000000
62.117399 95.975111 56.000000
64.156808 96.918374 56.000000
66.205251 97.758925 56.000000
68.272642 98.511809 56.000000
70.384286 99.195068 56.000000
72.534830 99.799403 56.000000
74.718906 100.315498 56.000000
75.373034 99.076028 64.000000
75.373034 99.076028 64.000000
77.553660 99.093555 64.000000
79.685925 99.102548 64.000000
81.759919 99.105854 64.000000
83.765735 99.106319 64.000000
85.790569 98.843272 64.000000
87.865479 98.133081 64.000000
89.899008 97.087396 64.000000
91.799698 95.817864 64.000000
93.476091 94.436136 64.000000
94.836730 93.053860 64.000000
96.011759 91.539231 64.000000
97.161097 89.704387 64.000000
98.150638 87.670641 64.000000
98.845358 85.560295 64.000000
99.110234 83.495651 64.000000
99.058711 81.430959 64.000000
98.912721 79.281830 64.000000
98.688122 77.121072 64.000000
98.400754 75.021507 64.000000
98.066458 73.055954 64.000000
97.456014 71.211208 64.000000
96.412765 69.426533 64.000000
95.070176 67.705942 64.000000
93.561720 66.053448 64.000000
92.020867 64.473065 64.000000
90.567061 62.969267 64.000000
89.065658 61.547543 64.000000
87.469315 60.193554 64.000000
85.808295 58.888162 64.000000
84.112860 57.612233 64.000000
82.413274 56.346631 64.000000
80.739384 55.070918 64.000000
79.090946 53.738254 64.000000
77.436930 52.397396 64.000000
75.748408 51.136552 64.000000
73.996451 50.043927 64.000000
72.148978 49.089033 64.000000
70.205466 48.107471 64.000000
68.202260 47.182925 64.000000
66.176422 46.407672 64.000000
64.165015 45.873988 64.000000
62.205103 45.674148 64.000000
60.170850 45.956095 64.000000
58.030542 46.711266 64.000000
55.968141 47.794290 64.000000
54.167612 49.059789 64.000000
52.812924 50.362387 64.000000
51.790168 51.868046 64.000000
50.872176 53.754451 64.000000
50.094982 55.868723 64.000000
49.494674 58.057930 64.000000
49.107325 60.169151 64.000000
48.847176 62.214175 64.000000
48.614729 64.293591 64.000000
48.418735 66.395748 64.000000
48.267945 68.508999 64.000000
48.171110 70.621693 64.000000
48.136981 72.722181 64.000000
48.183881 74.861727 64.000000
48.316636 77.049842 64.000000
48.523901 79.213103 64.000000
48.794330 81.278091 64.000000
49.116578 83.171386 64.000000
49.810291 84.923307 64.000000
51.076923 86.600501 64.000000
52.702177 88.177279 64.000000
54.471705 89.627939 64.000000
56.171181 90.926783 64.000000
57.833851 92.113311 64.000000
59.608859 93.234632 64.000000
61.468512 94.280174 64.000000
63.385117 95.239366 64.000000
65.330983 96.101634 64.000000
67.278416 96.856409 64.000000
69.241636 97.524146 64.000000
71.248985 98.124302 64.000000
73.294704 98.645417 64.000000
75.373034 99.076028 64.000000
77.361735 98.661254 72.000000
77.361735 98.661254 72.000000
79.427685 98.619508 72.000000
81.437632 98.502395 72.000000
83.385175 98.322102 72.000000
85.263913 98.090816 72.000000
87.067442 97.820724 72.000000
88.891990 97.348602 72.000000
90.787834 96.519565 72.000000
92.643049 95.415608 72.000000
94.345401 94.119208 72.000000
95.782658 92.712845 72.000000
96.842584 91.278998 72.000000
97.583297 89.757896 72.000000
98.265081 87.959649 72.000000
98.837118 85.986197 72.000000
99.239038 83.947909 72.000000
99.410470 81.955151 72.000000
99.379972 79.997066 72.000000
99.272518 77.981611 72.000000
99.105960 75.997831 72.000000
98.896613 74.137080 72.000000
98.537174 72.439583 72.000000
97.765481 70.816773 72.000000
96.654643 69.256298 72.000000
95.294288 67.751156 72.000000
93.774039 66.294349 72.000000
92.183523 64.878875 72.000000
90.612364 63.497734 72.000000
89.150190 62.143926 72.000000
87.747340 60.814967 72.000000
86.291013 59.517754 72.000000
84.788988 58.259129 72.000000
83.249078 57.045934 72.000000
81.679100 55.885010 72.000000
80.086463 54.781400 72.000000
78.456369 53.680190 72.000000
76.775616 52.647090 72.000000
75.040879 51.812004 72.000000
73.238133 51.157933 72.000000
71.363960 50.520126 72.000000
69.445582 49.940724 72.000000
67.510605 49.465459 72.000000
65.586632 49.140065 72.000000
63.701267 49.010276 72.000000
61.779861 49.228400 72.000000
59.804861 49.854188 72.000000
57.944694 50.733471 72.000000
56.368458 51.711336 72.000000
54.997550 52.859294 72.000000
53.615883 54.389427 72.000000
52.398496 56.166687 72.000000
51.525328 58.051605 72.000000
51.176320 59.904718 72.000000
51.195420 61.751545 72.000000
51.255371 63.701964 72.000000
51.352533 65.707103 72.000000
51.483745 67.717853 72.000000
51.645850 69.685105 72.000000
51.835699 71.559753 72.000000
52.298681 73.338394 72.000000
53.165336 75.061675 72.000000
54.271099 76.747911 72.000000
55.451404 78.415415 72.000000
56.541686 80.082503 72.000000
57.531273 81.763968 72.000000
58.531485 83.447947 72.000000
59.559145 85.112723 72.000000
60.631073 86.736584 72.000000
61.764091 88.297813 72.000000
62.952560 89.882887 72.000000
64.185763 91.535702 72.000000
65.475962 93.153587 72.000000
66.835433 94.633802 72.000000
68.276452 95.873610 72.000000
69.811294 96.770271 72.000000
71.487336 97.432668 72.000000
73.325349 98.009481 72.000000
75.293947 98.439445 72.000000
77.361735 98.661254 72.000000
77.669516 97.086895 80.000000
77.669516 97.086895 80.000000
79.543747 97.035827 80.000000
81.367612 96.897018 80.000000
83.130321 96.692058 80.000000
84.821081 96.442537 80.000000
86.505792 96.024140 80.000000
88.230874 95.300139 80.000000
89.918948 94.339451 80.000000
91.492199 93.211766 80.000000
92.872808 91.986777 80.000000
93.982959 90.734176 80.000000
94.894428 89.388881 80.000000
95.780228 87.797328 80.000000
96.546985 86.048002 80.000000
97.096374 84.233871 80.000000
97.330067 82.447905 80.000000
97.308242 80.676573 80.000000
97.229450 78.835608 80.000000
97.103394 76.982394 80.000000
96.937881 75.175651 80.000000
96.740720 73.474100 80.000000
96.389041 71.882181 80.000000
95.660737 70.321524 80.000000
94.634518 68.803500 80.000000
93.398196 67.342726 80.000000
92.039584 65.953818 80.000000
90.646497 64.651394 80.000000
89.306746 63.450072 80.000000
87.958545 62.355625 80.000000
86.482890 61.347803 80.000000
84.927235 60.403117 80.000000
83.339430 59.498090 80.000000
81.767232 58.609190 80.000000
80.207446 57.708280 80.000000
78.624776 56.839788 80.000000
77.008202 56.082978 80.000000
75.347022 55.437463 80.000000
73.643366 54.777786 80.000000
71.910002 54.142518 80.000000
70.159894 53.577773 80.000000
68.406006 53.129667 80.000000
66.661304 52.844312 80.000000
64.933796 52.769023 80.000000
63.061882 52.976167 80.000000
61.096595 53.440881 80.000000
59.222441 54.098055 80.000000
57.623923 54.882581 80.000000
56.484627 55.730284 80.000000
55.612207 56.915231 80.000000
54.810448 58.555566 80.000000
54.158387 60.453406 80.000000
53.735061 62.410863 80.000000
53.614099 64.235198 80.000000
53.617042 65.998814 80.000000
53.624359 67.790680 80.000000
53.636025 69.598719 80.000000
53.652019 71.410855 80.000000
53.672316 73.215013 80.000000
53.698291 74.999799 80.000000
53.837319 76.802994 80.000000
54.130566 78.621950 80.000000
54.541220 80.414378 80.000000
55.032474 82.137989 80.000000
55.570986 83.751953 80.000000
56.329916 85.308031 80.000000
57.359801 86.824312 80.000000
58.572969 88.264162 80.000000
59.881748 89.590943 80.000000
61.198472 90.768026 80.000000
62.559230 91.863553 80.000000
64.037099 92.935457 80.000000
65.604596 93.936206 80.000000
67.234240 94.818269 80.000000
68.898552 95.534116 80.000000
70.570169 96.036585 80.000000
72.270333 96.419248 80.000000
74.025207 96.751412 80.000000
75.827399 96.988740 80.000000
77.669516 97.086895 80.000000
79.349324 96.047920 88.000000
79.349324 96.047920 88.000000
81.063360 95.952943 88.000000
82.720831 95.700874 88.000000
84.310243 95.341000 88.000000
85.820100 94.922608 88.000000
87.285503 94.390816 88.000000
88.758953 93.606013 88.000000
90.189432 92.624005 88.000000
91.523710 91.505134 88.000000
92.708560 90.309738 88.000000
93.690752 89.098160 88.000000
94.569584 87.808900 88.000000
95.439355 86.359328 88.000000
96.205042 84.804149 88.000000
96.771418 83.198226 88.000000
97.043256 81.596421 88.000000
97.033552 79.994547 88.000000
96.950558 78.316416 88.000000
96.813352 76.620187 88.000000
96.632125 74.969459 88.000000
96.417063 73.427835 88.000000
96.039358 71.999625 88.000000
95.308534 70.612358 88.000000
94.306371 69.271719 88.000000
93.119493 67.985112 88.000000
91.834525 66.759941 88.000000
90.538094 65.603610 88.000000
89.314581 64.523123 88.000000
88.083278 63.497888 88.000000
86.776414 62.515682 88.000000
85.409691 61.580371 88.000000
83.998814 60.695820 88.000000
82.559485 59.865895 88.000000
81.107408 59.094462 88.000000
79.643496 58.387785 88.000000
78.123829 57.761987 88.000000
76.581938 57.211926 88.000000
75.020945 56.636072 88.000000
73.442622 56.052636 88.000000
71.854491 55.515052 88.000000
70.264077 55.076751 88.000000
68.678904 54.791166 88.000000
67.102195 54.712144 88.000000
65.374135 54.888890 88.000000
63.545117 55.291064 88.000000
61.800777 55.864776 88.000000
60.326754 56.556135 88.000000
59.308685 57.311250 88.000000
58.606628 58.373644 88.000000
57.971836 59.903129 88.000000
57.462148 61.682642 88.000000
57.135517 63.494998 88.000000
57.053424 65.128720 88.000000
57.361473 66.638695 88.000000
58.007290 68.124929 88.000000
58.847288 69.601701 88.000000
59.737880 71.083292 88.000000
60.535480 72.583981 88.000000
61.097108 74.118042 88.000000
61.470522 75.693001 88.000000
61.783614 77.297895 88.000000
62.066263 78.918749 88.000000
62.348345 80.541585 88.000000
62.659237 82.153268 88.000000
62.961551 83.838071 88.000000
63.247473 85.582251 88.000000
63.560623 87.275826 88.000000
63.944619 88.808812 88.000000
64.447229 90.075931 88.000000
65.292817 91.224310 88.000000
66.509305 92.332803 88.000000
67.984681 93.349474 88.000000
69.606932 94.222387 88.000000
71.264046 94.899605 88.000000
72.844011 95.329191 88.000000
74.381308 95.601674 88.000000
75.984981 95.830933 88.000000
77.644503 95.989009 88.000000
79.349324 96.047920 88.000000
79.450357 93.648148 96.000000
79.450357 93.648148 96.000000
81.134492 93.614366 96.000000
82.741117 93.518915 96.000000
84.256394 93.370641 96.000000
85.666482 93.178386 96.000000
86.957625 92.950673 96.000000
88.183245 92.446569 96.000000
89.373650 91.536497 96.000000
90.494201 90.343554 96.000000
91.510260 88.990837 96.000000
92.387187 87.601442 96.000000
93.092459 86.294540 96.000000
93.705279 84.967102 96.000000
94.264166 83.547597 96.000000
94.746028 82.070888 96.000000
95.127770 80.571838 96.000000
95.386363 79.085178 96.000000
95.573571 77.511096 96.000000
95.739214 75.840353 96.000000
95.869465 74.218070 96.000000
95.950497 72.789367 96.000000
95.945638 71.691856 96.000000
95.364052 70.842324 96.000000
94.174333 70.128113 96.000000
92.593142 69.491339 96.000000
90.837144 68.874117 96.000000
89.123000 68.218564 96.000000
87.667374 67.466796 96.000000
86.449053 66.602522 96.000000
85.267164 65.667258 96.000000
84.112188 64.683641 96.000000
82.974865 63.674271 96.000000
81.845932 62.661747 96.000000
80.735594 61.618065 96.000000
79.674988 60.461963 96.000000
78.622405 59.302795 96.000000
77.531696 58.261501 96.000000
76.356709 57.459021 96.000000
75.056782 56.842192 96.000000
73.645887 56.246592 96.000000
72.163593 55.712251 96.000000
70.649519 55.280447 96.000000
69.143285 54.992460 96.000000
67.684449 54.889582 96.000000
66.077551 55.053621 96.000000
64.296472 55.488142 96.000000
62.610978 56.122242 96.000000
61.290834 56.885023 96.000000
60.605804 57.705584 96.000000
60.403211 58.754719 96.000000
60.239658 60.206946 96.000000
60.118126 61.882749 96.000000
60.043658 63.601229 96.000000
60.021690 65.182824 96.000000
60.103652 66.658369 96.000000
60.310095 68.126569 96.000000
60.622609 69.588072 96.000000
61.022785 71.043529 96.000000
61.492213 72.493588 96.000000
62.012483 73.938900 96.000000
62.565186 75.380113 96.000000
63.131912 76.817877 96.000000
63.694252 78.252843 96.000000
64.233795 79.685659 96.000000
64.732143 81.117068 96.000000
65.188680 82.603794 96.000000
65.639748 84.137185 96.000000
66.123954 85.634328 96.000000
66.679909 87.012311 96.000000
67.346341 88.188443 96.000000
68.233982 89.253245 96.000000
69.367734 90.292558 96.000000
70.676121 91.250849 96.000000
72.087670 92.072586 96.000000
73.530907 92.702234 96.000000
74.937725 93.089146 96.000000
76.376783 93.364086 96.000000
77.887689 93.568228 96.000000
79.450357 93.648148 96.000000
79.456189 91.181325 104.000000
80.760962 90.979470 104.000000
82.017497 90.690140 104.000000
83.219607 90.337949 104.000000
84.361102 89.947514 104.000000
85.466452 89.502382 104.000000
86.613887 88.887946 104.000000
87.757472 88.125407 104.000000
88.841041 87.248467 104.000000
89.808428 86.290826 104.000000
90.603465 85.286187 104.000000
91.169987 84.268249 104.000000
91.564102 83.190125 104.000000
91.923606 81.972722 104.000000
92.219836 80.675018 104.000000
92.421874 79.357733 104.000000
92.498804 78.081583 104.000000
92.407521 76.836808 104.000000
92.152212 75.579427 104.000000
91.776775 74.329087 104.000000
91.325126 73.105482 104.000000
90.841179 71.928303 104.000000
90.337570 70.812576 104.000000
89.693835 69.742640 104.000000
88.934389 68.708600 104.000000
88.108301 67.703223 104.000000
87.264639 66.719276 104.000000
86.446219 65.745448 104.000000
85.625731 64.751134 104.000000
84.783543 63.760221 104.000000
83.910373 62.808162 104.000000
82.996938 61.930407 104.000000
82.033954 61.162410 104.000000
80.999217 60.490015 104.000000
79.884589 59.861499 104.000000
78.716291 59.293976 104.000000
77.520856 58.805395 104.000000
76.324337 58.412930 104.000000
75.104525 58.058975 104.000000
73.849142 57.713769 104.000000
72.575780 57.398404 104.000000
71.302029 57.133971 104.000000
70.045481 56.941561 104.000000
68.823726 56.842266 104.000000
67.579889 56.923834 104.000000
66.180655 57.389810 104.000000
64.930251 58.111176 104.000000
64.170513 58.927968 104.000000
63.913403 59.867509 104.000000
63.716886 61.109705 104.000000
63.580462 62.502964 104.000000
63.514505 63.888708 104.000000
63.510836 65.168356 104.000000
63.515347 66.446813 104.000000
63.523712 67.729125 104.000000
63.535932 69.008509 104.000000
63.552007 70.278180 104.000000
63.571935 71.531355 104.000000
63.639518 72.768692 104.000000
63.907951 74.009157 104.000000
64.336808 75.238430 104.000000
64.864731 76.438622 104.000000
65.430364 77.591839 104.000000
66.002532 78.680719 104.000000
66.706992 79.705885 104.000000
67.519310 80.689243 104.000000
68.383802 81.653893 104.000000
69.244781 82.622931 104.000000
70.046679 83.619725 104.000000
70.771412 84.693791 104.000000
71.458361 85.823780 104.000000
72.146193 86.944091 104.000000
72.873575 87.989123 104.000000
73.679174 88.893272 104.000000
74.604762 89.623294 104.000000
75.671337 90.266544 104.000000
76.850176 90.820761 104.000000
78.109368 91.271088 104.000000
78.109368 91.271088 104.000000
79.456189 91.181325 104.000000
80.272086 86.568376 112.000000
81.338575 86.568376 112.000000
82.383366 86.568376 112.000000
83.406442 86.568376 112.000000
84.424361 86.443337 112.000000
85.442262 86.052274 112.000000
86.423808 85.494952 112.000000
87.332204 84.874101 112.000000
88.157188 84.267783 112.000000
89.036082 83.572662 112.000000
89.922416 82.781446 112.000000
90.729111 81.918396 112.000000
91.369088 81.007776 112.000000
91.755269 80.073845 112.000000
91.828349 79.132273 112.000000
91.819631 78.119255 112.000000
91.801364 77.040800 112.000000
91.774024 75.927292 112.000000
91.738085 74.809116 112.000000
91.694019 73.716658 112.000000
91.642302 72.680303 112.000000
91.518125 71.707070 112.000000
91.173154 70.752192 112.000000
90.648480 69.816982 112.000000
89.995259 68.905795 112.000000
89.264650 68.022989 112.000000
88.507810 67.172920 112.000000
87.775896 66.359946 112.000000
87.077338 65.559760 112.000000
86.324773 64.738864 112.000000
85.518331 63.977828 112.000000
84.664121 63.362711 112.000000
83.762828 62.959820 112.000000
82.781151 62.651299 112.000000
81.736608 62.393700 112.000000
80.659089 62.178189 112.000000
79.578482 61.995931 112.000000
78.521303 61.836447 112.000000
77.467780 61.678092 112.000000
76.409466 61.528419 112.000000
75.348070 61.402625 112.000000
74.285301 61.315911 112.000000
73.222867 61.283476 112.000000
72.126055 61.292311 112.000000
70.993734 61.318318 112.000000
69.878871 61.360567 112.000000
68.834435 61.418133 112.000000
67.912864 61.490900 112.000000
66.991908 61.844063 112.000000
66.047874 62.581367 112.000000
65.226392 63.544372 112.000000
64.673095 64.574636 112.000000
64.528099 65.522230 112.000000
64.715897 66.500200 112.000000
65.090801 67.544422 112.000000
65.557335 68.583896 112.000000
66.024990 69.548745 112.000000
66.586171 70.432289 112.000000
67.259715 71.272071 112.000000
67.975684 72.095767 112.000000
68.664136 72.931055 112.000000
69.255133 73.805612 112.000000
69.712749 74.741473 112.000000
70.100493 75.727324 112.000000
70.452539 76.741139 112.000000
70.800562 77.760984 112.000000
71.176238 78.764926 112.000000
71.603409 79.742121 112.000000
72.056890 80.733838 112.000000
72.550201 81.697824 112.000000
73.106698 82.575602 112.000000
73.744465 83.355576 112.000000
74.462122 84.099185 112.000000
75.256727 84.800437 112.000000
76.125464 85.451164 112.000000
77.065519 86.043199 112.000000
78.074074 86.568376 112.000000
78.074074 86.568376 112.000000
79.183914 86.568376 112.000000
80.272086 86.568376 112.000000
78.756292 82.624863 120.000000
79.449472 82.973438 120.000000
80.162573 83.136106 120.000000
80.902212 83.201750 120.000000
81.672282 83.255969 120.000000
82.470520 83.296947 120.000000
83.294664 83.322865 120.000000
84.142450 83.331909 120.000000
84.142450 83.331909 120.000000
84.745296 82.682893 120.000000
85.320705 82.021545 120.000000
85.845473 81.347698 120.000000
86.296393 80.661182 120.000000
86.650261 79.961830 120.000000
86.883871 79.249474 120.000000
86.974018 78.523946 120.000000
86.964627 77.770129 120.000000
86.933641 76.976619 120.000000
86.882809 76.155741 120.000000
86.813583 75.319899 120.000000
86.727417 74.481499 120.000000
86.625764 73.652944 120.000000
86.510077 72.846638 120.000000
86.381810 72.074985 120.000000
86.242416 71.350390 120.000000
86.076350 70.676981 120.000000
85.780463 70.011030 120.000000
85.357472 69.351879 120.000000
84.831951 68.708855 120.000000
84.228473 68.091282 120.000000
83.571611 67.508488 120.000000
82.885940 66.969797 120.000000
82.196031 66.484536 120.000000
81.526460 66.062031 120.000000
80.879051 65.691870 120.000000
80.195639 65.319887 120.000000
79.477551 64.952870 120.000000
78.731593 64.602696 120.000000
77.964569 64.281242 120.000000
77.183282 64.000385 120.000000
76.394537 63.772000 120.000000
75.605138 63.607965 120.000000
74.821890 63.520156 120.000000
74.043297 63.514135 120.000000
73.232380 63.557011 120.000000
72.403983 63.637437 120.000000
71.582117 63.749754 120.000000
70.790791 63.888301 120.000000
70.054016 64.047419 120.000000
69.357590 64.259851 120.000000
68.594440 64.655954 120.000000
67.829699 65.198463 120.000000
67.146923 65.831860 120.000000
66.629666 66.500632 120.000000
66.361483 67.149262 120.000000
66.377341 67.752416 120.000000
66.553231 68.376239 120.000000
66.856027 69.022262 120.000000
67.262853 69.685359 120.000000
67.750832 70.360402 120.000000
68.297089 71.042264 120.000000
68.878748 71.725817 120.000000
69.472933 72.405935 120.000000
70.056767 73.077489 120.000000
70.607375 73.735353 120.000000
71.103879 74.375270 120.000000
71.580823 75.014631 120.000000
72.060144 75.658825 120.000000
72.543848 76.303561 120.000000
73.033941 76.944545 120.000000
73.532426 77.577485 120.000000
74.041310 78.198089 120.000000
74.562598 78.802064 120.000000
75.098293 79.385117 120.000000
75.650403 79.942957 120.000000
76.220931 80.471289 120.000000
76.815299 81.012741 120.000000
77.437267 81.589041 120.000000
78.084911 82.144906 120.000000
78.756292 82.624863 120.000000
80.387001 82.208939 128.000000
80.956550 82.469562 128.000000
81.505752 82.685909 128.000000
82.000032 82.841738 128.000000
82.404821 82.920804 128.000000
82.713566 82.906088 128.000000
83.007879 82.787488 128.000000
83.292569 82.568257 128.000000
83.563685 82.252365 128.000000
83.817272 81.843782 128.000000
84.049377 81.346478 128.000000
84.256045 80.764423 128.000000
84.433324 80.101587 128.000000
84.577260 79.361940 128.000000
84.683899 78.549451 128.000000
84.749288 77.668091 128.000000
84.749288 77.668091 128.000000
84.640647 77.119127 128.000000
84.516426 76.576606 128.000000
84.377524 76.040838 128.000000
84.224843 75.512133 128.000000
84.059282 74.990801 128.000000
83.881742 74.477152 128.000000
83.693124 73.971496 128.000000
83.494328 73.474143 128.000000
83.286255 72.985403 128.000000
83.069804 72.505586 128.000000
82.845877 72.035002 128.000000
82.615374 71.573961 128.000000
82.373782 71.113110 128.000000
82.101952 70.618998 128.000000
81.801564 70.097891 128.000000
81.476561 69.560213 128.000000
81.130887 69.016387 128.000000
80.768486 68.476838 128.000000
80.393300 67.951989 128.000000
80.009273 67.452265 128.000000
79.620348 66.988089 128.000000
79.230470 66.569885 128.000000
78.843580 66.208079 128.000000
78.463623 65.913092 128.000000
78.094542 65.695350 128.000000
77.740280 65.565276 128.000000
77.403352 65.534439 128.000000
77.039958 65.645879 128.000000
76.641617 65.898823 128.000000
76.227083 66.268097 128.000000
75.815110 66.728532 128.000000
75.424452 67.254954 128.000000
75.073863 67.822194 128.000000
74.782096 68.405077 128.000000
74.567905 68.978435 128.000000
74.450045 69.517094 128.000000
74.435767 70.007187 128.000000
74.458711 70.507269 128.000000
74.503144 71.026254 128.000000
74.566806 71.559818 128.000000
74.647439 72.103642 128.000000
74.742784 72.653404 128.000000
74.850582 73.204782 128.000000
74.968573 73.753455 128.000000
75.094500 74.295102 128.000000
75.226103 74.825401 128.000000
75.361124 75.340031 128.000000
75.499761 75.837652 128.000000
75.663809 76.342759 128.000000
75.857111 76.857365 128.000000
76.077407 77.376006 128.000000
76.322437 77.893218 128.000000
76.589940 78.403537 128.000000
76.877656 78.901498 128.000000
77.183325 79.381638 128.000000
77.504685 79.838491 128.000000
77.839476 80.266595 128.000000
78.185438 80.660484 128.000000
78.540311 81.014696 128.000000
78.901985 81.323858 128.000000
79.325146 81.619844 128.000000
79.831675 81.920286 128.000000
80.387001 82.208939 128.000000
