81.729393 96.165045 32.000000
83.193486 95.898076 32.000000
84.580558 95.534422 32.000000
85.868771 95.111745 32.000000
87.097507 94.592296 32.000000
88.354994 93.862228 32.000000
89.598168 92.956233 32.000000
90.780273 91.913364 32.000000
91.854551 90.772677 32.000000
92.774245 89.573227 32.000000
93.492599 88.354070 32.000000
93.975937 87.142206 32.000000
94.376618 85.802377 32.000000
94.704278 84.351422 32.000000
94.897929 82.873880 32.000000
94.924506 81.438002 32.000000
94.916886 79.999632 32.000000
94.901651 78.552135 32.000000
94.878852 77.102577 32.000000
94.848537 75.658025 32.000000
94.810755 74.225544 32.000000
94.761486 72.811520 32.000000
94.553559 71.398719 32.000000
94.163441 69.991420 32.000000
93.660155 68.609515 32.000000
93.112724 67.272897 32.000000
92.555153 65.966313 32.000000
91.908038 64.611588 32.000000
91.168280 63.265799 32.000000
90.341431 61.996958 32.000000
89.433045 60.873076 32.000000
88.448674 59.962166 32.000000
87.303530 59.223044 32.000000
85.911670 58.626416 32.000000
84.503713 58.512648 32.000000
83.061686 58.630694 32.000000
81.625190 58.825246 32.000000
80.239254 59.160004 32.000000
78.882127 59.677274 32.000000
77.556428 60.235893 32.000000
76.272680 60.883456 32.000000
75.019210 61.593041 32.000000
73.795918 62.354709 32.000000
72.605703 63.154317 32.000000
71.420326 63.983586 32.000000
70.249518 64.845329 32.000000
69.111072 65.743323 32.000000
68.022779 66.681342 32.000000
67.002321 67.663166 32.000000
65.964696 68.696706 32.000000
64.896905 69.785417 32.000000
63.904378 70.927279 32.000000
63.092545 72.120275 32.000000
62.566838 73.362387 32.000000
62.277833 74.682032 32.000000
62.030838 76.099649 32.000000
61.842968 77.568098 32.000000
61.734525 79.039438 32.000000
61.728176 80.475120 32.000000
61.848357 81.917427 32.000000
62.073896 83.362019 32.000000
62.376076 84.787204 32.000000
62.726182 86.171288 32.000000
63.148353 87.523097 32.000000
63.797502 88.881604 32.000000
64.597470 90.094677 32.000000
65.480074 91.064574 32.000000
66.516547 91.994381 32.000000
67.689642 92.888568 32.000000
68.967260 93.718855 32.000000
70.317301 94.456963 32.000000
71.707664 95.074611 32.000000
73.106248 95.543521 32.000000
74.480952 95.835412 32.000000
75.853406 96.011072 32.000000
77.271944 96.158409 32.000000
78.727319 96.259882 32.000000
80.210121 96.297668 32.000000
80.210121 96.297668 32.000000
81.729393 96.165045 32.000000
82.636795 98.355774 40.000000
84.258521 97.963151 40.000000
85.791105 97.458713 40.000000
87.216738 96.881498 40.000000
88.594058 96.128857 40.000000
89.944102 95.152500 40.000000
91.226428 94.012098 40.000000
92.400597 92.767317 40.000000
93.426167 91.477827 40.000000
94.287728 90.185292 40.000000
95.147228 88.781472 40.000000
95.949292 87.272838 40.000000
96.580009 85.703950 40.000000
96.925468 84.119367 40.000000
96.951976 82.542452 40.000000
96.916548 80.924048 40.000000
96.854560 79.278976 40.000000
96.771318 77.630258 40.000000
96.672125 76.000919 40.000000
96.521028 74.377212 40.000000
96.254913 72.723610 40.000000
95.888588 71.075886 40.000000
95.438450 69.471246 40.000000
94.920893 67.946898 40.000000
94.349176 66.539209 40.000000
93.548173 65.221939 40.000000
92.482580 63.968938 40.000000
91.254826 62.783900 40.000000
89.967336 61.670518 40.000000
88.715806 60.632069 40.000000
87.431023 59.659836 40.000000
86.079957 58.743001 40.000000
84.684048 57.873492 40.000000
83.264737 57.043241 40.000000
81.843037 56.244583 40.000000
80.392405 55.506916 40.000000
78.925561 54.792664 40.000000
77.221258 53.879925 40.000000
75.764226 53.151353 40.000000
75.249533 53.430643 40.000000
75.010379 54.975227 40.000000
74.827922 57.078349 40.000000
74.556591 58.987547 40.000000
73.973053 60.283974 40.000000
72.922866 61.409968 40.000000
71.578375 62.452384 40.000000
70.122096 63.474610 40.000000
68.736544 64.540035 40.000000
67.578144 65.705653 40.000000
66.450797 66.931642 40.000000
65.339710 68.200356 40.000000
64.333312 69.516790 40.000000
63.520031 70.885941 40.000000
62.939527 72.318904 40.000000
62.405289 73.839843 40.000000
61.919148 75.427245 40.000000
61.517739 77.053856 40.000000
61.237697 78.692418 40.000000
61.115659 80.315677 40.000000
61.157423 81.937408 40.000000
61.311337 83.594919 40.000000
61.553962 85.247907 40.000000
61.862673 86.854605 40.000000
62.215113 88.373388 40.000000
62.777194 89.862813 40.000000
63.632932 91.338062 40.000000
64.678348 92.714374 40.000000
65.809462 93.906991 40.000000
66.964184 94.883267 40.000000
68.278900 95.836149 40.000000
69.733706 96.733129 40.000000
71.279074 97.502889 40.000000
72.865476 98.074111 40.000000
74.443382 98.375475 40.000000
76.009712 98.466551 40.000000
77.618613 98.535430 40.000000
79.265403 98.580451 40.000000
80.944272 98.596576 40.000000
80.944272 98.596576 40.000000
82.636795 98.355774 40.000000
82.022404 100.324713 48.000000
83.974070 99.925521 48.000000
85.812594 99.363326 48.000000
87.529284 98.679899 48.000000
89.115448 97.917008 48.000000
90.583818 97.084465 48.000000
92.086160 95.938617 48.000000
93.533059 94.507793 48.000000
94.774825 92.901438 48.000000
95.661766 91.229002 48.000000
96.100476 89.566461 48.000000
96.402532 87.767319 48.000000
96.635520 85.861457 48.000000
96.791604 83.926224 48.000000
96.865831 82.033853 48.000000
96.909361 80.146305 48.000000
96.940836 78.257264 48.000000
96.956605 76.396299 48.000000
96.874002 74.556018 48.000000
96.471254 72.666345 48.000000
95.810991 70.792950 48.000000
94.977652 69.011799 48.000000
94.055675 67.398861 48.000000
93.082870 66.026269 48.000000
91.738477 64.876302 48.000000
90.105197 63.849924 48.000000
88.382484 62.846327 48.000000
86.769794 61.764698 48.000000
85.401551 60.521106 48.000000
84.145981 59.140902 48.000000
82.953180 57.674878 48.000000
81.787418 56.171967 48.000000
80.612961 54.681100 48.000000
79.394079 53.251212 48.000000
78.095039 51.931234 48.000000
76.508541 50.611648 48.000000
74.538296 49.161093 48.000000
72.566447 47.796331 48.000000
70.982491 46.740056 48.000000
70.175926 46.214963 48.000000
70.664851 46.836900 48.000000
72.073206 48.730742 48.000000
73.051399 50.465655 48.000000
73.934190 52.219449 48.000000
74.673041 54.023867 48.000000
75.081254 55.799219 48.000000
74.867544 57.492925 48.000000
73.885540 59.146238 48.000000
72.716967 60.757738 48.000000
71.687685 62.317016 48.000000
70.582661 63.829549 48.000000
69.439299 65.320829 48.000000
68.301518 66.816565 48.000000
67.212727 68.342337 48.000000
66.066345 69.879223 48.000000
64.886012 71.421984 48.000000
63.859321 73.003412 48.000000
63.173858 74.656301 48.000000
62.734112 76.409730 48.000000
62.342642 78.247485 48.000000
62.026762 80.134638 48.000000
61.813783 82.036264 48.000000
61.731020 83.917436 48.000000
61.784658 85.827537 48.000000
61.948772 87.793732 48.000000
62.207510 89.715238 48.000000
62.545067 91.490967 48.000000
63.052214 93.054860 48.000000
64.240522 94.522594 48.000000
65.832736 95.819789 48.000000
67.422693 96.836591 48.000000
69.028703 97.685417 48.000000
70.759213 98.451183 48.000000
72.569121 99.114039 48.000000
74.413323 99.654136 48.000000
76.246745 100.051649 48.000000
78.088338 100.336632 48.000000
79.966287 100.519134 48.000000
79.966287 100.519134 48.000000
82.022404 100.324713 48.000000
81.474303 98.963864 56.000000
81.474303 98.963864 56.000000
83.315653 98.780297 56.000000
85.066883 98.407897 56.000000
86.691809 97.910864 56.000000
88.165017 97.327369 56.000000
89.567848 96.457523 56.000000
90.910776 95.311593 56.000000
92.175883 93.972528 56.000000
93.345248 92.523280 56.000000
94.400953 91.046797 56.000000
95.336319 89.616560 56.000000
96.301633 88.125933 56.000000
97.221190 86.545097 56.000000
97.927626 84.905914 56.000000
98.253581 83.240241 56.000000
98.259328 81.532067 56.000000
98.259328 79.769831 56.000000
98.237410 78.031386 56.000000
98.056101 76.269018 56.000000
97.721960 74.499661 56.000000
97.271912 72.760889 56.000000
96.742882 71.090281 56.000000
96.171796 69.525412 56.000000
95.475589 68.081804 56.000000
94.484007 66.721716 56.000000
93.281688 65.423895 56.000000
91.959963 64.167924 56.000000
90.610159 62.933383 56.000000
89.323608 61.699854 56.000000
88.090162 60.475009 56.000000
86.824691 59.278502 56.000000
85.544422 58.096368 56.000000
84.227856 56.883818 56.000000
82.665066 55.463430 56.000000
80.956983 53.926438 56.000000
79.266315 52.414528 56.000000
77.755772 51.069388 56.000000
76.588062 50.032704 56.000000
75.925893 49.446162 56.000000
75.835233 49.711850 56.000000
75.835233 51.697354 56.000000
75.817501 53.704841 56.000000
75.429313 55.398785 56.000000
74.717651 57.050544 56.000000
73.928069 58.603723 56.000000
73.031569 60.031961 56.000000
71.929797 61.375727 56.000000
70.727214 62.680709 56.000000
69.528278 63.992593 56.000000
68.426989 65.353294 56.000000
67.314727 66.727329 56.000000
66.192438 68.108442 56.000000
65.138756 69.516966 56.000000
64.232313 70.973233 56.000000
63.522859 72.497712 56.000000
62.843183 74.098363 56.000000
62.197974 75.758059 56.000000
61.643687 77.457218 56.000000
61.236776 79.176260 56.000000
61.033693 80.895604 56.000000
61.022841 82.622690 56.000000
61.033377 84.403921 56.000000
61.055301 86.196136 56.000000
61.091028 87.950455 56.000000
61.142971 89.617997 56.000000
61.736431 91.159296 56.000000
62.841716 92.572616 56.000000
63.967560 93.951812 56.000000
65.202920 95.209297 56.000000
66.534163 96.233721 56.000000
67.991359 97.223773 56.000000
69.556895 98.175258 56.000000
71.193138 98.972166 56.000000
72.862453 99.498487 56.000000
74.528571 99.646740 56.000000
76.212615 99.631224 56.000000
77.933490 99.549440 56.000000
79.688339 99.345587 56.000000
81.474303 98.963864 56.000000
82.243867 97.915517 64.000000
82.243867 97.915517 64.000000
83.969431 97.668066 64.000000
85.622902 97.266089 64.000000
87.183765 96.751689 64.000000
88.635907 96.159994 64.000000
90.059397 95.366786 64.000000
91.454715 94.355949 64.000000
92.773397 93.186184 64.000000
93.966975 91.916190 64.000000
94.986985 90.604669 64.000000
95.832030 89.275758 64.000000
96.670080 87.808638 64.000000
97.423365 86.233203 64.000000
97.977344 84.604500 64.000000
98.217477 82.977572 64.000000
98.197404 81.353585 64.000000
98.123456 79.688510 64.000000
98.004308 78.004128 64.000000
97.846600 76.322884 64.000000
97.656972 74.667219 64.000000
97.386388 73.038290 64.000000
96.868103 71.413913 64.000000
96.210056 69.904666 64.000000
95.420993 68.536516 64.000000
94.435408 67.235982 64.000000
93.302209 65.992725 64.000000
92.070445 64.796498 64.000000
90.789165 63.637057 64.000000
89.507420 62.504158 64.000000
88.263272 61.382851 64.000000
86.846828 60.164824 64.000000
85.227671 58.851121 64.000000
83.494872 57.498821 64.000000
81.737505 56.165002 64.000000
80.044643 54.906744 64.000000
78.505360 53.781125 64.000000
77.208728 52.845225 64.000000
76.243821 52.156123 64.000000
75.699713 51.770898 64.000000
75.652256 51.945823 64.000000
75.913239 53.706236 64.000000
76.073740 55.730048 64.000000
75.882288 57.437323 64.000000
75.466688 59.076047 64.000000
74.907684 60.436571 64.000000
73.952797 61.621546 64.000000
72.684829 62.700222 64.000000
71.234296 63.722873 64.000000
69.731714 64.739770 64.000000
68.307601 65.801189 64.000000
67.067430 66.952123 64.000000
65.751836 68.145749 64.000000
64.512603 69.387043 64.000000
63.682953 70.714541 64.000000
63.332918 72.168015 64.000000
63.050705 73.747911 64.000000
62.819637 75.416836 64.000000
62.639834 77.136728 64.000000
62.511418 78.869526 64.000000
62.434512 80.577168 64.000000
62.398601 82.253195 64.000000
62.370386 83.959332 64.000000
62.348673 85.662428 64.000000
62.334837 87.321712 64.000000
62.331202 88.896774 64.000000
62.743471 90.488488 64.000000
63.691481 92.049780 64.000000
64.863368 93.361515 64.000000
66.012233 94.272121 64.000000
67.337873 95.069394 64.000000
68.847259 95.800091 64.000000
70.484180 96.442196 64.000000
72.192423 96.973688 64.000000
73.915775 97.372549 64.000000
75.598026 97.616761 64.000000
77.227578 97.734683 64.000000
78.879451 97.828274 64.000000
80.553030 97.891988 64.000000
82.243867 97.915517 64.000000
82.116678 97.272056 72.000000
82.116678 97.272056 72.000000
83.725285 96.928798 72.000000
85.290596 96.487286 72.000000
86.808043 95.963798 72.000000
88.273057 95.374614 72.000000
89.701339 94.726729 72.000000
91.204885 93.964849 72.000000
92.709281 93.087622 72.000000
94.102699 92.108135 72.000000
95.273311 91.039475 72.000000
96.109379 89.894675 72.000000
96.719843 88.575276 72.000000
97.253809 87.047921 72.000000
97.684546 85.408193 72.000000
97.985320 83.751676 72.000000
98.143637 82.155159 72.000000
98.259772 80.536151 72.000000
98.353153 78.900088 72.000000
98.417077 77.285165 72.000000
98.444844 75.729577 72.000000
98.283178 74.235924 72.000000
97.722402 72.763069 72.000000
96.876998 71.324975 72.000000
95.868372 69.937019 72.000000
94.817928 68.614580 72.000000
93.834286 67.372725 72.000000
92.780750 66.211388 72.000000
91.617334 65.111108 72.000000
90.386008 64.051444 72.000000
89.128744 63.011956 72.000000
87.887513 61.972203 72.000000
86.665967 60.935388 72.000000
85.428146 59.916800 72.000000
84.208219 58.875256 72.000000
83.013124 57.797611 72.000000
81.803146 56.744854 72.000000
80.510492 55.767184 72.000000
78.772881 54.666991 72.000000
77.272763 53.779530 72.000000
76.973644 53.740667 72.000000
77.476868 55.378550 72.000000
77.841769 57.244952 72.000000
77.394573 58.472537 72.000000
76.242589 59.573091 72.000000
74.738774 60.607874 72.000000
73.236100 61.637787 72.000000
71.987442 62.700559 72.000000
70.717005 63.728883 72.000000
69.430857 64.745805 72.000000
68.198590 65.790643 72.000000
67.089795 66.902712 72.000000
66.148429 68.121688 72.000000
65.257984 69.462553 72.000000
64.438752 70.893231 72.000000
63.745433 72.377490 72.000000
63.232727 73.879098 72.000000
62.858198 75.400296 72.000000
62.509758 76.972592 72.000000
62.209414 78.575539 72.000000
61.980690 80.188096 72.000000
61.847107 81.789219 72.000000
61.841998 83.368941 72.000000
62.061599 85.000028 72.000000
62.474512 86.633994 72.000000
63.017530 88.188819 72.000000
63.627447 89.582478 72.000000
64.403081 90.824862 72.000000
65.519598 92.009702 72.000000
66.851240 93.089945 72.000000
68.267311 94.015989 72.000000
69.647308 94.748751 72.000000
71.074757 95.429084 72.000000
72.582780 96.073426 72.000000
74.143991 96.625913 72.000000
75.731004 97.030680 72.000000
77.316434 97.231863 72.000000
78.894026 97.256201 72.000000
80.495930 97.267783 72.000000
82.116678 97.272056 72.000000
81.758278 94.901389 80.000000
81.758278 94.901389 80.000000
83.193699 94.642468 80.000000
84.585560 94.282568 80.000000
85.924264 93.842794 80.000000
87.201043 93.343537 80.000000
88.481223 92.734022 80.000000
89.769913 91.990671 80.000000
91.009258 91.139064 80.000000
92.141400 90.204780 80.000000
93.108484 89.213399 80.000000
93.873809 88.178968 80.000000
94.602285 87.011402 80.000000
95.298010 85.719638 80.000000
95.906118 84.345956 80.000000
96.371741 82.932633 80.000000
96.640012 81.521948 80.000000
96.678939 80.143090 80.000000
96.634250 78.729124 80.000000
96.545324 77.283772 80.000000
96.416030 75.831940 80.000000
96.250233 74.398534 80.000000
96.051801 73.008462 80.000000
95.814690 71.685426 80.000000
95.285955 70.414051 80.000000
94.486274 69.187827 80.000000
93.595071 68.015635 80.000000
92.743971 66.893482 80.000000
91.841853 65.783554 80.000000
90.880227 64.703932 80.000000
89.867560 63.678912 80.000000
88.812323 62.732794 80.000000
87.721250 61.886974 80.000000
86.526600 61.031072 80.000000
85.228022 60.146996 80.000000
83.878350 59.302054 80.000000
82.530417 58.563555 80.000000
81.237056 57.998806 80.000000
80.051099 57.675115 80.000000
79.028124 57.779139 80.000000
78.162731 58.906196 80.000000
77.297893 60.317436 80.000000
76.293356 61.319979 80.000000
75.189744 62.213540 80.000000
74.070804 63.097255 80.000000
72.994965 64.024087 80.000000
71.908792 64.956579 80.000000
70.833064 65.902654 80.000000
69.802646 66.880146 80.000000
68.852399 67.906887 80.000000
67.974218 68.998751 80.000000
67.106989 70.153645 80.000000
66.296478 71.359842 80.000000
65.593236 72.605525 80.000000
65.047814 73.878877 80.000000
64.625625 75.189171 80.000000
64.242345 76.549245 80.000000
63.905727 77.943894 80.000000
63.623879 79.357813 80.000000
63.404907 80.775700 80.000000
63.255876 82.185030 80.000000
63.137842 83.675705 80.000000
63.033986 85.220433 80.000000
62.953097 86.713469 80.000000
62.903966 88.049072 80.000000
62.936693 89.134453 80.000000
63.606883 90.087467 80.000000
64.855898 90.950271 80.000000
66.384879 91.704525 80.000000
67.894973 92.331888 80.000000
69.196814 92.841344 80.000000
70.523974 93.316142 80.000000
71.893091 93.747507 80.000000
73.288978 94.117092 80.000000
74.696449 94.406548 80.000000
76.100315 94.597528 80.000000
77.498970 94.712760 80.000000
78.908897 94.809356 80.000000
80.329121 94.876331 80.000000
81.758278 94.901389 80.000000
81.822017 94.350671 88.000000
81.822017 94.350671 88.000000
83.172819 94.163283 88.000000
84.476246 93.863451 88.000000
85.723572 93.480549 88.000000
86.906407 93.043250 88.000000
88.062131 92.478414 88.000000
89.197811 91.752465 88.000000
90.280667 90.909581 88.000000
91.277918 89.993941 88.000000
92.156784 89.049724 88.000000
92.977800 88.064181 88.000000
93.829769 86.976317 88.000000
94.622200 85.811929 88.000000
95.261943 84.598261 88.000000
95.655850 83.362558 88.000000
95.735936 82.126031 88.000000
95.735936 80.843292 88.000000
95.735936 79.517586 88.000000
95.735936 78.172680 88.000000
95.735936 76.832343 88.000000
95.735936 75.520343 88.000000
95.648395 74.234119 88.000000
95.291736 72.938904 88.000000
94.761379 71.679327 88.000000
94.167228 70.504273 88.000000
93.547490 69.435846 88.000000
92.778726 68.422593 88.000000
91.885953 67.455188 88.000000
90.904465 66.527782 88.000000
89.869555 65.634525 88.000000
88.816518 64.769567 88.000000
87.780648 63.927060 88.000000
86.772846 63.067856 88.000000
85.744224 62.164881 88.000000
84.679537 61.324824 88.000000
83.565728 60.659262 88.000000
82.374946 60.258796 88.000000
81.026683 59.982564 88.000000
79.823650 59.951893 88.000000
78.805801 60.695460 88.000000
77.879184 61.846804 88.000000
77.018699 62.874336 88.000000
76.238279 63.938964 88.000000
75.425148 64.969937 88.000000
74.524901 65.919469 88.000000
73.574357 66.829096 88.000000
72.601798 67.721476 88.000000
71.635505 68.619268 88.000000
70.703759 69.545131 88.000000
69.808926 70.507754 88.000000
68.901087 71.480640 88.000000
68.004713 72.469863 88.000000
67.149775 73.484218 88.000000
66.366242 74.532499 88.000000
65.684083 75.623498 88.000000
65.004692 76.784632 88.000000
64.439024 78.010627 88.000000
64.296299 79.266522 88.000000
64.301610 80.589353 88.000000
64.313393 81.961785 88.000000
64.331634 83.341024 88.000000
64.356316 84.684277 88.000000
64.387425 85.948752 88.000000
64.456380 87.102666 88.000000
64.918205 88.239322 88.000000
65.757870 89.347057 88.000000
66.828817 90.371001 88.000000
67.984488 91.256282 88.000000
69.078629 91.948270 88.000000
70.168783 92.539520 88.000000
71.362302 93.112208 88.000000
72.629187 93.628821 88.000000
73.939440 94.051844 88.000000
75.263062 94.343765 88.000000
76.570056 94.467069 88.000000
77.860036 94.467406 88.000000
79.166650 94.455403 88.000000
80.488095 94.420556 88.000000
81.822017 94.350671 88.000000
81.026950 92.785939 96.000000
81.026950 92.785939 96.000000
82.272604 92.720692 96.000000
83.465658 92.544468 96.000000
84.595900 92.286546 96.000000
85.653118 91.976204 96.000000
86.638758 91.616901 96.000000
87.620575 91.051688 96.000000
88.577317 90.297259 96.000000
89.467678 89.412701 96.000000
90.250352 88.457103 96.000000
90.884034 87.489550 96.000000
91.353674 86.532355 96.000000
91.745903 85.486729 96.000000
92.084132 84.369185 96.000000
92.382479 83.210499 96.000000
92.655063 82.041446 96.000000
92.916004 80.892801 96.000000
93.187101 79.724042 96.000000
93.473794 78.475834 96.000000
93.758054 77.196256 96.000000
94.021729 75.934156 96.000000
94.246667 74.738378 96.000000
94.414716 73.657770 96.000000
94.507721 72.741176 96.000000
94.399216 72.021246 96.000000
93.566108 71.420481 96.000000
92.287473 70.901386 96.000000
90.973873 70.440310 96.000000
89.877823 70.030858 96.000000
88.760020 69.691330 96.000000
87.625437 69.382651 96.000000
86.503872 69.062091 96.000000
85.425124 68.686916 96.000000
84.414342 68.177025 96.000000
83.460579 67.413665 96.000000
82.542134 66.513271 96.000000
81.638010 65.613533 96.000000
80.727206 64.852147 96.000000
79.788726 64.366804 96.000000
78.799072 64.282264 96.000000
77.728388 64.513394 96.000000
76.614153 64.954411 96.000000
75.508235 65.531696 96.000000
74.462497 66.171633 96.000000
73.527484 66.805047 96.000000
72.686146 67.539959 96.000000
71.902341 68.405964 96.000000
71.159962 69.340772 96.000000
70.442901 70.282095 96.000000
69.731889 71.194811 96.000000
69.021009 72.121298 96.000000
68.330899 73.067023 96.000000
67.683140 74.034311 96.000000
67.099314 75.025483 96.000000
66.583310 76.044597 96.000000
66.043722 77.102427 96.000000
65.538215 78.190536 96.000000
65.156775 79.296920 96.000000
64.989389 80.409576 96.000000
65.033628 81.551081 96.000000
65.178511 82.738388 96.000000
65.401772 83.924885 96.000000
65.682069 85.063492 96.000000
65.998062 86.107128 96.000000
66.458935 87.084878 96.000000
67.159158 88.042718 96.000000
68.018687 88.939163 96.000000
68.957210 89.732586 96.000000
69.894419 90.381358 96.000000
70.846682 90.946179 96.000000
71.883784 91.504639 96.000000
72.981500 92.012357 96.000000
74.115425 92.424740 96.000000
75.261154 92.697196 96.000000
76.394477 92.785939 96.000000
77.527579 92.785939 96.000000
78.678697 92.785939 96.000000
79.845824 92.785939 96.000000
81.026950 92.785939 96.000000
82.945024 91.311399 104.000000
82.945024 91.311399 104.000000
83.917408 91.151528 104.000000
84.844844 90.907096 104.000000
85.717056 90.594739 104.000000
86.523769 90.231095 104.000000
87.254949 89.832353 104.000000
87.944675 89.334961 104.000000
88.611902 88.708005 104.000000
89.241193 87.984866 104.000000
89.817113 87.198929 104.000000
90.324226 86.383576 104.000000
90.747095 85.572191 104.000000
91.105914 84.765356 104.000000
91.458996 83.908782 104.000000
91.768166 83.018376 104.000000
91.990940 82.113601 104.000000
92.084837 81.213921 104.000000
92.055267 80.315203 104.000000
91.960822 79.399808 104.000000
91.815499 78.480191 104.000000
91.632921 77.569016 104.000000
91.426708 76.678949 104.000000
91.204089 75.821592 104.000000
90.885664 74.988981 104.000000
90.469655 74.174513 104.000000
89.989485 73.375975 104.000000
89.478579 72.591153 104.000000
88.970362 71.817835 104.000000
88.484887 70.990391 104.000000
87.991533 70.059154 104.000000
87.461049 69.220061 104.000000
86.864999 68.677990 104.000000
86.157595 68.518022 104.000000
85.291321 68.416883 104.000000
84.329566 68.341463 104.000000
83.343812 68.294475 104.000000
82.405514 68.278647 104.000000
81.499018 68.334495 104.000000
80.576722 68.486933 104.000000
79.653884 68.719669 104.000000
78.745763 69.016411 104.000000
77.867618 69.360868 104.000000
77.034707 69.736747 104.000000
76.262288 70.127756 104.000000
75.557253 70.580432 104.000000
74.902173 71.191367 104.000000
74.284555 71.904943 104.000000
73.692322 72.660476 104.000000
73.113398 73.397283 104.000000
72.515963 74.101441 104.000000
71.900130 74.816106 104.000000
71.315514 75.548743 104.000000
70.811903 76.306585 104.000000
70.439082 77.096870 104.000000
70.147476 77.944431 104.000000
69.875608 78.846381 104.000000
69.650516 79.769627 104.000000
69.499240 80.681075 104.000000
69.449271 81.547765 104.000000
69.608976 82.373580 104.000000
69.993391 83.179529 104.000000
70.525394 83.969003 104.000000
71.127863 84.745392 104.000000
71.723676 85.512086 104.000000
72.245224 86.276908 104.000000
72.745834 87.073021 104.000000
73.263655 87.865167 104.000000
73.815941 88.601855 104.000000
74.419946 89.231593 104.000000
75.099590 89.778504 104.000000
75.862809 90.335822 104.000000
76.687200 90.853683 104.000000
77.549819 91.278542 104.000000
78.427720 91.556858 104.000000
79.298642 91.638206 104.000000
80.178354 91.631150 104.000000
81.080990 91.592503 104.000000
82.004047 91.495005 104.000000
82.945024 91.311399 104.000000
