81.133565 94.840846 32.000000
81.133565 94.840846 32.000000
82.480277 94.767945 32.000000
83.773153 94.575063 32.000000
84.998083 94.300929 32.000000
86.141355 93.983395 32.000000
87.256826 93.504098 32.000000
88.361547 92.801334 32.000000
89.414539 91.936184 32.000000
90.374824 90.969728 32.000000
91.201424 89.963045 32.000000
91.862173 88.968304 32.000000
92.467843 87.886151 32.000000
93.028561 86.702830 32.000000
93.498327 85.459190 32.000000
93.831137 84.196083 32.000000
93.986530 82.951803 32.000000
94.070536 81.695602 32.000000
94.136488 80.417214 32.000000
94.179893 79.132468 32.000000
94.196254 77.857190 32.000000
94.158585 76.570200 32.000000
94.045652 75.250940 32.000000
93.868221 73.926508 32.000000
93.637110 72.624081 32.000000
93.363133 71.370835 32.000000
93.057109 70.193943 32.000000
92.723110 69.113956 32.000000
92.217644 68.007015 32.000000
91.508823 66.860590 32.000000
90.636355 65.732761 32.000000
89.639948 64.681610 32.000000
88.559310 63.765217 32.000000
87.434147 63.041665 32.000000
86.304168 62.569035 32.000000
85.183825 62.378359 32.000000
83.917985 62.268729 32.000000
82.595007 62.205931 32.000000
81.332997 62.229071 32.000000
80.079308 62.406383 32.000000
78.829306 62.713381 32.000000
77.591210 63.115752 32.000000
76.373239 63.579183 32.000000
75.183613 64.069358 32.000000
74.030058 64.554238 32.000000
72.898800 65.106903 32.000000
71.788938 65.757731 32.000000
70.712465 66.480503 32.000000
69.681373 67.249002 32.000000
68.701791 68.038949 32.000000
67.676389 68.874259 32.000000
66.645202 69.768416 32.000000
65.712250 70.718880 32.000000
64.981549 71.723112 32.000000
64.544191 72.781676 32.000000
64.222483 73.943980 32.000000
63.937880 75.197706 32.000000
63.704248 76.503024 32.000000
63.535452 77.820103 32.000000
63.445361 79.109113 32.000000
63.472450 80.348100 32.000000
63.734105 81.598555 32.000000
64.181817 82.840688 32.000000
64.742610 84.039559 32.000000
65.343508 85.160226 32.000000
65.976766 86.187559 32.000000
66.775673 87.162419 32.000000
67.697713 88.086442 32.000000
68.687010 88.957663 32.000000
69.687690 89.774116 32.000000
70.676847 90.558797 32.000000
71.704354 91.350932 32.000000
72.769072 92.115059 32.000000
73.866914 92.812731 32.000000
74.993798 93.405502 32.000000
76.145637 93.854926 32.000000
77.330774 94.191895 32.000000
78.561581 94.485911 32.000000
79.831437 94.711123 32.000000
81.133565 94.840846 32.000000
82.310492 96.717121 40.000000
82.310492 96.717121 40.000000
83.860706 96.581818 40.000000
85.318904 96.279060 40.000000
86.659800 95.847793 40.000000
87.858108 95.326962 40.000000
88.888543 94.755513 40.000000
89.771139 94.031625 40.000000
90.568897 93.015365 40.000000
91.292411 91.793234 40.000000
91.951718 90.453743 40.000000
92.556854 89.085408 40.000000
93.117857 87.776742 40.000000
93.687461 86.530424 40.000000
94.282480 85.256528 40.000000
94.817275 83.959853 40.000000
95.205371 82.646325 40.000000
95.360294 81.321868 40.000000
95.352661 79.970161 40.000000
95.329316 78.585419 40.000000
95.291838 77.194060 40.000000
95.241672 75.822525 40.000000
95.179819 74.497164 40.000000
94.951585 73.206521 40.000000
94.480120 71.932340 40.000000
93.836294 70.681226 40.000000
93.090977 69.459784 40.000000
92.315038 68.274622 40.000000
91.576310 67.128661 40.000000
90.819581 65.923176 40.000000
89.995728 64.698433 40.000000
89.101829 63.572646 40.000000
88.134961 62.664028 40.000000
87.086513 62.075078 40.000000
85.869200 61.608940 40.000000
84.514348 61.201261 40.000000
83.100689 60.891850 40.000000
81.706955 60.720514 40.000000
80.387812 60.736873 40.000000
79.067979 60.995506 40.000000
77.749245 61.448351 40.000000
76.450898 62.035550 40.000000
75.192227 62.697243 40.000000
73.992519 63.373572 40.000000
72.859897 64.054261 40.000000
71.767920 64.863986 40.000000
70.718976 65.777591 40.000000
69.718636 66.754896 40.000000
68.772474 67.755724 40.000000
67.842629 68.762167 40.000000
66.864949 69.814055 40.000000
65.937475 70.912738 40.000000
65.166426 72.056586 40.000000
64.658020 73.243966 40.000000
64.382644 74.491121 40.000000
64.141257 75.815399 40.000000
63.937561 77.190986 40.000000
63.780306 78.591222 40.000000
63.678243 79.989451 40.000000
63.640123 81.359014 40.000000
63.720864 82.721488 40.000000
63.952889 84.102338 40.000000
64.296178 85.466902 40.000000
64.710591 86.780414 40.000000
65.156970 88.008434 40.000000
65.754925 89.175213 40.000000
66.559086 90.302334 40.000000
67.498544 91.373427 40.000000
68.502393 92.372122 40.000000
69.502557 93.286204 40.000000
70.553559 94.230604 40.000000
71.686239 95.136632 40.000000
72.877165 95.830524 40.000000
74.103580 96.152389 40.000000
75.365131 96.317473 40.000000
76.667776 96.456564 40.000000
78.012575 96.567867 40.000000
79.400587 96.649590 40.000000
80.832873 96.699940 40.000000
82.310492 96.717121 40.000000
82.971578 98.207372 48.000000
82.971578 98.207372 48.000000
84.366345 97.955911 48.000000
85.703197 97.591585 48.000000
86.972926 97.135485 48.000000
88.166324 96.608698 48.000000
89.274403 96.032085 48.000000
90.370538 95.333478 48.000000
91.474525 94.470354 48.000000
92.521633 93.482340 48.000000
93.447132 92.409060 48.000000
94.186293 91.290138 48.000000
94.678428 90.162836 48.000000
95.057485 88.956209 48.000000
95.395472 87.651795 48.000000
95.664443 86.292441 48.000000
95.836456 84.920997 48.000000
95.885551 83.578920 48.000000
95.884392 82.237401 48.000000
95.881540 80.881449 48.000000
95.877063 79.529550 48.000000
95.871027 78.200190 48.000000
95.860981 76.911262 48.000000
95.666094 75.635548 48.000000
95.223370 74.363792 48.000000
94.600958 73.115731 48.000000
93.867011 71.911099 48.000000
93.089678 70.769631 48.000000
92.334485 69.709673 48.000000
91.510391 68.677262 48.000000
90.566379 67.671247 48.000000
89.535082 66.740553 48.000000
88.449136 65.934104 48.000000
87.338519 65.295977 48.000000
86.145906 64.709656 48.000000
84.869091 64.155393 48.000000
83.553257 63.699247 48.000000
82.243586 63.407280 48.000000
80.980826 63.346483 48.000000
79.715556 63.566522 48.000000
78.440336 64.020245 48.000000
77.181110 64.641082 48.000000
75.963820 65.362457 48.000000
74.814410 66.117801 48.000000
73.756587 66.853245 48.000000
72.772111 67.699003 48.000000
71.841968 68.668874 48.000000
70.955598 69.713420 48.000000
70.102438 70.783209 48.000000
69.267960 71.831600 48.000000
68.387963 72.878971 48.000000
67.503064 73.948751 48.000000
66.691774 75.048382 48.000000
66.032609 76.185302 48.000000
65.596042 77.367830 48.000000
65.249947 78.617208 48.000000
64.934230 79.923465 48.000000
64.666294 81.264672 48.000000
64.463543 82.618897 48.000000
64.343384 83.964211 48.000000
64.325964 85.285343 48.000000
64.455256 86.648319 48.000000
64.717007 88.029964 48.000000
65.079566 89.371401 48.000000
65.511281 90.613750 48.000000
65.997408 91.704325 48.000000
66.778679 92.705191 48.000000
67.829701 93.630540 48.000000
69.002308 94.456290 48.000000
70.149870 95.159456 48.000000
71.297067 95.816237 48.000000
72.505427 96.453003 48.000000
73.757859 97.024588 48.000000
75.037270 97.485827 48.000000
76.326568 97.791557 48.000000
77.615848 97.934607 48.000000
78.924616 98.044337 48.000000
80.254386 98.130643 48.000000
81.603821 98.187123 48.000000
82.971578 98.207372 48.000000
82.327033 97.114145 56.000000
82.327033 97.114145 56.000000
83.767045 96.953375 56.000000
85.145366 96.655962 56.000000
86.446485 96.259555 56.000000
87.654893 95.801803 56.000000
88.796279 95.225766 56.000000
89.913283 94.431495 56.000000
90.979727 93.474164 56.000000
91.968608 92.410820 56.000000
92.852924 91.298511 56.000000
93.605787 90.194186 56.000000
94.306141 89.052034 56.000000
94.990989 87.819842 56.000000
95.590810 86.527413 56.000000
96.036084 85.204546 56.000000
96.257291 83.881044 56.000000
96.324533 82.541164 56.000000
96.379137 81.159150 56.000000
96.420140 79.763230 56.000000
96.446264 78.381738 56.000000
96.456233 77.043012 56.000000
96.320346 75.740055 56.000000
95.908644 74.444061 56.000000
95.296730 73.169037 56.000000
94.561375 71.929270 56.000000
93.779348 70.739045 56.000000
93.026381 69.612382 56.000000
92.230972 68.528180 56.000000
91.330367 67.477277 56.000000
90.352428 66.475905 56.000000
89.325019 65.540303 56.000000
88.275955 64.686563 56.000000
87.183697 63.808301 56.000000
86.026683 62.892171 56.000000
84.824231 62.068647 56.000000
83.595658 61.468201 56.000000
82.360283 61.221304 56.000000
81.090017 61.327885 56.000000
79.759260 61.643006 56.000000
78.408732 62.115639 56.000000
77.079318 62.695107 56.000000
75.811906 63.330729 56.000000
74.647294 63.972125 56.000000
73.573996 64.717235 56.000000
72.556516 65.632058 56.000000
71.588849 66.655217 56.000000
70.664989 67.725336 56.000000
69.778743 68.781202 56.000000
68.873510 69.830602 56.000000
67.957191 70.912860 56.000000
67.101714 72.030671 56.000000
66.379011 73.186729 56.000000
65.860957 74.383736 56.000000
65.469766 75.640622 56.000000
65.103878 76.959336 56.000000
64.783930 78.319341 56.000000
64.530562 79.700101 56.000000
64.364412 81.081081 56.000000
64.306123 82.441760 56.000000
64.376678 83.801823 56.000000
64.562794 85.176934 56.000000
64.834710 86.545040 56.000000
65.162667 87.884091 56.000000
65.516913 89.172049 56.000000
65.962482 90.500349 56.000000
66.561152 91.886783 56.000000
67.283412 93.205928 56.000000
68.099753 94.332360 56.000000
68.980665 95.140658 56.000000
69.981257 95.677376 56.000000
71.196345 96.171656 56.000000
72.560140 96.602147 56.000000
74.004102 96.942578 56.000000
75.459693 97.166673 56.000000
76.858372 97.248159 56.000000
78.210419 97.246111 56.000000
79.573328 97.231519 56.000000
80.945924 97.191745 56.000000
82.327033 97.114145 56.000000
82.648426 96.499563 64.000000
82.648426 96.499563 64.000000
84.029834 96.228222 64.000000
85.351026 95.846708 64.000000
86.608902 95.373625 64.000000
87.800360 94.827577 64.000000
88.922298 94.227166 64.000000
89.981240 93.573605 64.000000
91.031656 92.758435 64.000000
92.034871 91.800862 64.000000
92.932823 90.751520 64.000000
93.667450 89.661043 64.000000
94.242494 88.544981 64.000000
94.797553 87.334038 64.000000
95.289231 86.054252 64.000000
95.659296 84.739785 64.000000
95.849516 83.424798 64.000000
95.862057 82.122371 64.000000
95.857791 80.792836 64.000000
95.850074 79.450940 64.000000
95.839083 78.116129 64.000000
95.824995 76.807849 64.000000
95.743655 75.521212 64.000000
95.445262 74.215330 64.000000
94.971805 72.918245 64.000000
94.375975 71.661949 64.000000
93.710462 70.478435 64.000000
93.027956 69.399695 64.000000
92.274574 68.407267 64.000000
91.339486 67.452806 64.000000
90.278469 66.564812 64.000000
89.149280 65.772716 64.000000
88.009680 65.105947 64.000000
86.850856 64.511370 64.000000
85.614958 63.920066 64.000000
84.335382 63.407028 64.000000
83.046568 63.048700 64.000000
81.782854 62.921508 64.000000
80.523167 63.065137 64.000000
79.247042 63.428369 64.000000
77.976894 63.948397 64.000000
76.735143 64.562411 64.000000
75.544205 65.207601 64.000000
74.421259 65.840185 64.000000
73.337633 66.574885 64.000000
72.291331 67.414886 64.000000
71.290407 68.325491 64.000000
70.342913 69.271999 64.000000
69.446633 70.226680 64.000000
68.538384 71.224834 64.000000
67.655733 72.273024 64.000000
66.859835 73.365529 64.000000
66.211841 74.496630 64.000000
65.749476 75.664991 64.000000
65.333497 76.895744 64.000000
64.949918 78.178734 64.000000
64.623646 79.495472 64.000000
64.379584 80.827465 64.000000
64.242640 82.156222 64.000000
64.225050 83.475919 64.000000
64.252156 84.845904 64.000000
64.305703 86.232649 64.000000
64.383738 87.583342 64.000000
64.484310 88.845171 64.000000
64.663450 89.988708 64.000000
65.267326 91.118587 64.000000
66.218388 92.197017 64.000000
67.353026 93.153803 64.000000
68.507627 93.918748 64.000000
69.594576 94.480900 64.000000
70.778514 95.000539 64.000000
72.047783 95.470538 64.000000
73.369849 95.866286 64.000000
74.712175 96.163167 64.000000
76.042225 96.336569 64.000000
77.344098 96.395996 64.000000
78.654244 96.438777 64.000000
79.975518 96.471423 64.000000
81.307164 96.492247 64.000000
82.648426 96.499563 64.000000
81.932933 96.022740 72.000000
83.209112 95.668390 72.000000
84.456978 95.259031 72.000000
85.674412 94.803132 72.000000
86.859295 94.309163 72.000000
88.052349 93.761870 72.000000
89.270424 93.140022 72.000000
90.464311 92.448305 72.000000
91.584733 91.691438 72.000000
92.582412 90.874142 72.000000
93.408386 90.000985 72.000000
94.167194 89.009160 72.000000
94.919513 87.876037 72.000000
95.589543 86.648038 72.000000
96.101484 85.371585 72.000000
96.379536 84.093100 72.000000
96.401515 82.835138 72.000000
96.359854 81.531347 72.000000
96.284197 80.196631 72.000000
96.179017 78.857559 72.000000
96.048785 77.540701 72.000000
95.897971 76.272628 72.000000
95.648621 75.040058 72.000000
95.186627 73.801141 72.000000
94.560968 72.584505 72.000000
93.823574 71.420127 72.000000
93.026371 70.337979 72.000000
92.221155 69.367966 72.000000
91.336089 68.471755 72.000000
90.311234 67.619598 72.000000
89.193534 66.841638 72.000000
88.029931 66.168021 72.000000
86.865575 65.625905 72.000000
85.664044 65.122760 72.000000
84.409580 64.646454 72.000000
83.125265 64.257485 72.000000
81.834182 64.016353 72.000000
80.552797 63.974552 72.000000
79.231532 64.064676 72.000000
77.883797 64.245760 72.000000
76.545823 64.501313 72.000000
75.253841 64.814844 72.000000
74.044079 65.169861 72.000000
72.938389 65.599037 72.000000
71.887598 66.307738 72.000000
70.891337 67.232730 72.000000
69.959023 68.270929 72.000000
69.100075 69.319253 72.000000
68.303681 70.331493 72.000000
67.532842 71.404933 72.000000
66.813433 72.531237 72.000000
66.174902 73.693990 72.000000
65.646699 74.876774 72.000000
65.198799 76.080992 72.000000
64.754580 77.325536 72.000000
64.347312 78.599117 72.000000
64.012685 79.889753 72.000000
63.786386 81.185460 72.000000
63.704103 82.474260 72.000000
63.756038 83.793009 72.000000
63.898289 85.149136 72.000000
64.113453 86.489467 72.000000
64.384124 87.760825 72.000000
64.698338 88.912022 72.000000
65.272031 89.989881 72.000000
66.138078 91.017822 72.000000
67.177075 91.971395 72.000000
68.269616 92.826151 72.000000
69.318757 93.571378 72.000000
70.436570 94.287501 72.000000
71.628726 94.921320 72.000000
72.856288 95.385702 72.000000
74.089546 95.645653 72.000000
75.344513 95.861654 72.000000
76.625163 96.045624 72.000000
77.932430 96.188391 72.000000
79.267252 96.280778 72.000000
80.630562 96.313613 72.000000
80.630562 96.313613 72.000000
81.932933 96.022740 72.000000
82.332232 93.649836 80.000000
82.332232 93.649836 80.000000
83.477862 93.353980 80.000000
84.598570 93.001888 80.000000
85.689433 92.599974 80.000000
86.745527 92.154649 80.000000
87.807364 91.657443 80.000000
88.890108 91.097534 80.000000
89.950747 90.477825 80.000000
90.946267 89.801220 80.000000
91.833657 89.070623 80.000000
92.569902 88.288937 80.000000
93.237832 87.401489 80.000000
93.898084 86.382011 80.000000
94.470052 85.278138 80.000000
94.873129 84.137503 80.000000
95.026707 83.007741 80.000000
95.025828 81.869104 80.000000
95.023204 80.688058 80.000000
95.018912 79.493860 80.000000
95.013029 78.315769 80.000000
95.005627 77.183044 80.000000
94.859391 76.079211 80.000000
94.475301 74.978566 80.000000
93.917228 73.898409 80.000000
93.249050 72.856043 80.000000
92.534647 71.868770 80.000000
91.837898 70.953892 80.000000
91.109417 70.077517 80.000000
90.275419 69.220271 80.000000
89.363869 68.421594 80.000000
88.402733 67.720924 80.000000
87.419978 67.157700 80.000000
86.393108 66.667120 80.000000
85.297961 66.192278 80.000000
84.161032 65.786632 80.000000
83.008816 65.503639 80.000000
81.867810 65.396759 80.000000
80.707489 65.441192 80.000000
79.503686 65.568933 80.000000
78.293980 65.770420 80.000000
77.115952 66.036092 80.000000
76.007183 66.356389 80.000000
75.005254 66.721751 80.000000
74.143049 67.424617 80.000000
73.348330 68.359633 80.000000
72.535725 69.203436 80.000000
71.741044 70.065725 80.000000
71.025388 70.970855 80.000000
70.384791 71.931054 80.000000
69.778884 72.934688 80.000000
69.216041 73.970470 80.000000
68.704640 75.027113 80.000000
68.253057 76.093331 80.000000
67.827014 77.172210 80.000000
67.403309 78.271790 80.000000
67.008252 79.387831 80.000000
66.668152 80.516093 80.000000
66.409317 81.652337 80.000000
66.258057 82.792323 80.000000
66.174851 83.994382 80.000000
66.103567 85.263232 80.000000
66.048169 86.511043 80.000000
66.012628 87.649984 80.000000
66.001983 88.592567 80.000000
66.371482 89.390721 80.000000
67.258292 90.122829 80.000000
68.450932 90.776841 80.000000
69.737921 91.340707 80.000000
70.907779 91.802377 80.000000
71.972615 92.209133 80.000000
73.077460 92.600787 80.000000
74.211139 92.954385 80.000000
75.362482 93.246968 80.000000
76.520314 93.455581 80.000000
77.673463 93.557269 80.000000
78.825470 93.594559 80.000000
79.986627 93.623843 80.000000
81.155894 93.642981 80.000000
82.332232 93.649836 80.000000
81.756004 92.446234 88.000000
82.844821 92.404615 88.000000
83.920151 92.234963 88.000000
84.976904 91.971106 88.000000
86.011585 91.630762 88.000000
87.018860 91.216290 88.000000
87.993413 90.729830 88.000000
88.930074 90.173891 88.000000
89.824411 89.551935 88.000000
90.655675 88.848250 88.000000
91.426340 88.078671 88.000000
92.156734 87.270594 88.000000
92.845316 86.426610 88.000000
93.491908 85.549032 88.000000
93.997183 84.583294 88.000000
94.242896 83.523411 88.000000
94.417609 82.448335 88.000000
94.522859 81.364166 88.000000
94.560151 80.197861 88.000000
94.364096 79.126422 88.000000
94.161304 78.056238 88.000000
93.953011 76.987111 88.000000
93.740457 75.918823 88.000000
93.527934 74.850555 88.000000
93.128763 73.838025 88.000000
92.529276 72.927817 88.000000
91.839029 72.084808 88.000000
91.125667 71.261657 88.000000
90.450542 70.406547 88.000000
89.647662 69.671486 88.000000
88.717265 69.104600 88.000000
87.736361 68.630791 88.000000
86.731154 68.211335 88.000000
85.719512 67.807609 88.000000
84.706943 67.406128 88.000000
83.680652 67.040829 88.000000
82.630297 66.751253 88.000000
81.553533 66.585369 88.000000
80.464586 66.568795 88.000000
79.380150 66.668352 88.000000
78.306268 66.851278 88.000000
77.259160 67.150818 88.000000
76.246940 67.553042 88.000000
75.279462 68.053405 88.000000
74.366212 68.647007 88.000000
73.516144 69.328023 88.000000
72.737752 70.089885 88.000000
72.032022 70.919358 88.000000
71.336815 71.757877 88.000000
70.641216 72.596067 88.000000
69.950230 73.438066 88.000000
69.269239 74.288170 88.000000
68.603820 75.150520 88.000000
67.960240 76.029268 88.000000
67.318796 76.909981 88.000000
66.782168 77.857761 88.000000
66.368877 78.865306 88.000000
65.988075 79.885849 88.000000
65.651573 80.921910 88.000000
65.376098 81.975955 88.000000
65.183000 83.048588 88.000000
65.131903 84.140170 88.000000
65.647661 85.086360 88.000000
66.339082 85.928013 88.000000
67.113270 86.694100 88.000000
67.924653 87.420739 88.000000
68.738753 88.144481 88.000000
69.521610 88.901740 88.000000
70.320480 89.642347 88.000000
71.159468 90.343143 88.000000
72.167380 90.746667 88.000000
73.222132 91.017907 88.000000
74.287158 91.246332 88.000000
75.344743 91.507110 88.000000
76.388692 91.817572 88.000000
77.433431 92.126270 88.000000
78.493902 92.378203 88.000000
79.577998 92.480978 88.000000
80.667060 92.471591 88.000000
81.756004 92.446234 88.000000
81.904443 88.307349 96.000000
82.665719 88.178728 96.000000
83.437301 88.009463 96.000000
84.219665 87.793974 96.000000
85.013290 87.526680 96.000000
85.013290 87.526680 96.000000
85.766745 87.183158 96.000000
86.476576 86.794482 96.000000
87.137016 86.365125 96.000000
87.742297 85.899560 96.000000
88.286653 85.402262 96.000000
88.764315 84.877703 96.000000
89.174173 84.327262 96.000000
89.578394 83.709324 96.000000
89.968633 83.027050 96.000000
90.306561 82.303259 96.000000
90.553847 81.560772 96.000000
90.672162 80.822408 96.000000
90.664794 80.091272 96.000000
90.615348 79.338694 96.000000
90.535530 78.575809 96.000000
90.433393 77.815598 96.000000
90.316985 77.071041 96.000000
90.180302 76.333307 96.000000
89.980317 75.550231 96.000000
89.720237 74.758246 96.000000
89.407898 74.001672 96.000000
89.051137 73.324830 96.000000
88.657790 72.772040 96.000000
88.213433 72.365427 96.000000
87.613853 72.007017 96.000000
86.893269 71.689732 96.000000
86.109289 71.426509 96.000000
85.319521 71.230285 96.000000
84.575146 71.109648 96.000000
83.831081 71.014710 96.000000
83.071407 70.929728 96.000000
82.304595 70.857206 96.000000
81.539114 70.799645 96.000000
80.783435 70.759546 96.000000
80.046027 70.739411 96.000000
79.327645 70.767737 96.000000
78.605858 70.939906 96.000000
77.888916 71.233324 96.000000
77.188761 71.612240 96.000000
76.517332 72.040902 96.000000
75.886570 72.483558 96.000000
75.304445 72.913098 96.000000
74.738602 73.399549 96.000000
74.193654 73.951641 96.000000
73.687913 74.550423 96.000000
73.239688 75.176945 96.000000
72.867238 75.812282 96.000000
72.524348 76.472722 96.000000
72.188980 77.173742 96.000000
71.904943 77.900571 96.000000
71.716046 78.638437 96.000000
71.663075 79.373684 96.000000
71.670982 80.130676 96.000000
71.689933 80.911187 96.000000
71.719421 81.696547 96.000000
71.758938 82.468089 96.000000
71.807978 83.207144 96.000000
71.866059 83.895051 96.000000
72.054734 84.552509 96.000000
72.445898 85.198671 96.000000
72.975527 85.815782 96.000000
73.579600 86.386088 96.000000
74.194093 86.891835 96.000000
74.776599 87.333906 96.000000
75.415161 87.789415 96.000000
76.104830 88.197099 96.000000
76.817506 88.471331 96.000000
77.526483 88.538055 96.000000
78.235946 88.536110 96.000000
78.952852 88.527003 96.000000
79.677677 88.505154 96.000000
80.410900 88.464982 96.000000
81.152996 88.400907 96.000000
81.904443 88.307349 96.000000
80.467843 81.877076 104.000000
80.773439 81.897058 104.000000
81.062503 81.912642 104.000000
81.332059 81.924374 104.000000
81.579131 81.932800 104.000000
81.800743 81.938468 104.000000
81.993920 81.941925 104.000000
82.155687 81.943717 104.000000
82.283066 81.944391 104.000000
82.373084 81.944495 104.000000
82.440456 81.912426 104.000000
82.504917 81.815350 104.000000
82.566286 81.661107 104.000000
82.624341 81.457605 104.000000
82.678864 81.212754 104.000000
82.729635 80.934461 104.000000
82.776434 80.630635 104.000000
82.819042 80.309185 104.000000
82.857239 79.978020 104.000000
82.890805 79.645048 104.000000
82.919521 79.318178 104.000000
82.943167 79.005319 104.000000
82.961525 78.714380 104.000000
82.974373 78.453268 104.000000
82.981493 78.229893 104.000000
82.979907 78.049343 104.000000
82.929626 77.875332 104.000000
82.823481 77.697259 104.000000
82.669154 77.518717 104.000000
82.474324 77.343295 104.000000
82.246672 77.174585 104.000000
81.993878 77.016177 104.000000
81.723623 76.871664 104.000000
81.443587 76.744635 104.000000
81.161451 76.638682 104.000000
80.884895 76.557396 104.000000
80.621599 76.504368 104.000000
80.379245 76.483188 104.000000
80.145874 76.489609 104.000000
79.897511 76.512135 104.000000
79.638818 76.549025 104.000000
79.374776 76.598658 104.000000
79.110366 76.659412 104.000000
78.850568 76.729664 104.000000
78.600363 76.807793 104.000000
78.364732 76.892176 104.000000
78.148655 76.981193 104.000000
77.957114 77.073221 104.000000
77.781265 77.179922 104.000000
77.599683 77.322934 104.000000
77.416765 77.497378 104.000000
77.237560 77.697734 104.000000
77.067114 77.918482 104.000000
76.910474 78.154099 104.000000
76.772686 78.399066 104.000000
76.658798 78.647862 104.000000
76.573858 78.894965 104.000000
76.522910 79.134854 104.000000
76.510709 79.363280 104.000000
76.531440 79.609881 104.000000
76.578012 79.878831 104.000000
76.646402 80.156194 104.000000
76.732583 80.428034 104.000000
76.832533 80.680415 104.000000
76.942224 80.899401 104.000000
77.057633 81.071058 104.000000
77.179349 81.189833 104.000000
77.331987 81.297383 104.000000
77.517227 81.399300 104.000000
77.731966 81.492899 104.000000
77.973105 81.575497 104.000000
78.237543 81.644411 104.000000
78.522180 81.696958 104.000000
78.823914 81.730454 104.000000
79.139646 81.742215 104.000000
79.139646 81.742215 104.000000
79.481615 81.785264 104.000000
79.818955 81.821725 104.000000
80.148690 81.852147 104.000000
80.467843 81.877076 104.000000
