60.009218 93.318762 4.000000
60.009218 93.318762 4.000000
59.972359 91.597681 4.000000
59.950164 89.877136 4.000000
59.938914 88.157150 4.000000
59.934888 86.437749 4.000000
59.934432 84.718836 4.000000
59.955458 82.965599 4.000000
60.012665 81.176603 4.000000
60.103853 79.389560 4.000000
60.226827 77.642184 4.000000
60.379388 75.972188 4.000000
60.559340 74.417286 4.000000
61.060441 72.980261 4.000000
62.052292 71.624241 4.000000
63.345742 70.327510 4.000000
64.751644 69.068352 4.000000
66.080846 67.825050 4.000000
67.290526 66.605360 4.000000
68.559868 65.439055 4.000000
69.855034 64.294602 4.000000
71.135493 63.138883 4.000000
72.360714 61.938782 4.000000
73.595340 60.680625 4.000000
75.002214 59.396211 4.000000
76.197340 58.048598 4.000000
76.754902 56.594436 4.000000
76.695362 54.861542 4.000000
76.501424 53.272962 4.000000
75.768843 51.956148 4.000000
74.521811 50.756449 4.000000
72.974083 49.644510 4.000000
71.339415 48.590976 4.000000
69.831560 47.566491 4.000000
68.455877 46.454154 4.000000
67.044495 45.262118 4.000000
65.591848 44.176937 4.000000
64.092630 43.385344 4.000000
62.540375 43.070794 4.000000
60.821361 43.002952 4.000000
58.948872 42.947713 4.000000
57.045113 42.905244 4.000000
55.232290 42.875710 4.000000
53.632607 42.859278 4.000000
52.352193 42.891461 4.000000
51.178852 43.606040 4.000000
50.069190 45.019587 4.000000
49.102423 46.844456 4.000000
48.357769 48.793005 4.000000
47.914445 50.577588 4.000000
47.708786 52.204505 4.000000
47.571623 53.907354 4.000000
47.466016 55.653671 4.000000
47.355416 57.410193 4.000000
47.203275 59.143658 4.000000
46.941232 60.838433 4.000000
46.526773 62.519853 4.000000
46.037759 64.194358 4.000000
45.555273 65.867389 4.000000
45.160397 67.544388 4.000000
44.934212 69.230795 4.000000
44.916626 70.932908 4.000000
44.963964 72.653399 4.000000
45.048759 74.382387 4.000000
45.164211 76.109007 4.000000
45.303522 77.822393 4.000000
45.472187 79.519415 4.000000
45.771500 81.247083 4.000000
46.203734 82.970926 4.000000
46.741861 84.636148 4.000000
47.358854 86.187950 4.000000
48.108794 87.671929 4.000000
49.140847 89.216314 4.000000
50.379200 90.637128 4.000000
51.737181 91.736154 4.000000
53.134429 92.334566 4.000000
54.646179 92.720661 4.000000
56.307908 93.033166 4.000000
58.101594 93.242419 4.000000
60.009218 93.318762 4.000000
59.927963 93.291302 5.000000
59.927963 93.291302 5.000000
60.335704 91.770421 5.000000
60.698465 90.245727 5.000000
60.983428 88.716959 5.000000
61.157777 87.183859 5.000000
61.193124 85.645299 5.000000
61.141726 84.090441 5.000000
61.046576 82.523962 5.000000
60.931620 80.956020 5.000000
60.820803 79.396774 5.000000
60.738071 77.856380 5.000000
60.707643 76.344925 5.000000
60.888858 74.835417 5.000000
61.344421 73.322105 5.000000
61.989506 71.837395 5.000000
62.739291 70.413692 5.000000
63.508953 69.083404 5.000000
64.363123 67.879516 5.000000
65.458765 66.784515 5.000000
66.677293 65.741404 5.000000
67.894954 64.692812 5.000000
68.988001 63.581367 5.000000
69.894739 62.354334 5.000000
70.835176 61.016529 5.000000
71.769791 59.606821 5.000000
72.612186 58.163994 5.000000
73.275967 56.726833 5.000000
73.674736 55.334122 5.000000
73.705517 54.009480 5.000000
73.189817 52.646465 5.000000
72.241624 51.285617 5.000000
71.039292 50.013598 5.000000
69.761173 48.917068 5.000000
68.556605 48.057931 5.000000
67.225821 47.241847 5.000000
65.755654 46.519840 5.000000
64.228302 46.034063 5.000000
62.716222 45.912916 5.000000
61.110333 45.970821 5.000000
59.453919 46.095864 5.000000
57.875814 46.276715 5.000000
56.504854 46.502041 5.000000
55.317186 47.025825 5.000000
54.190055 48.064694 5.000000
53.158732 49.436065 5.000000
52.259085 50.956106 5.000000
51.526982 52.440988 5.000000
50.970158 53.835803 5.000000
50.519263 55.330630 5.000000
50.137043 56.866435 5.000000
49.793124 58.382116 5.000000
49.488098 59.901489 5.000000
49.211777 61.429526 5.000000
48.950055 62.961812 5.000000
48.688828 64.493931 5.000000
48.414552 66.022063 5.000000
48.127509 67.548291 5.000000
47.842211 69.074892 5.000000
47.573813 70.603577 5.000000
47.337470 72.136063 5.000000
47.108836 73.673916 5.000000
46.875881 75.216050 5.000000
46.685104 76.760055 5.000000
46.583105 78.303519 5.000000
46.599591 79.869770 5.000000
46.703912 81.498437 5.000000
46.880677 83.127586 5.000000
47.116597 84.689796 5.000000
47.398385 86.117645 5.000000
47.781900 87.404433 5.000000
48.546627 88.753525 5.000000
49.635976 90.092137 5.000000
50.947916 91.308672 5.000000
52.380416 92.291531 5.000000
53.831446 92.929116 5.000000
55.216403 93.138339 5.000000
56.684768 93.218145 5.000000
58.267522 93.271719 5.000000
59.927963 93.291302 5.000000
60.273504 90.816239 6.000000
60.273504 90.816239 6.000000
60.283637 89.240081 6.000000
60.311019 87.665549 6.000000
60.351129 86.092859 6.000000
60.399443 84.522225 6.000000
60.469210 82.946611 6.000000
60.580000 81.362450 6.000000
60.729276 79.778846 6.000000
60.914417 78.204943 6.000000
61.132798 76.649888 6.000000
61.381798 75.122826 6.000000
61.715121 73.613441 6.000000
62.217292 72.103090 6.000000
62.849982 70.617434 6.000000
63.571942 69.183168 6.000000
64.341923 67.826985 6.000000
65.208089 66.581236 6.000000
66.298748 65.441814 6.000000
67.496801 64.350647 6.000000
68.675041 63.248230 6.000000
69.706266 62.075055 6.000000
70.573322 60.785237 6.000000
71.478127 59.402264 6.000000
72.343771 57.958836 6.000000
73.074470 56.486585 6.000000
73.574437 55.017144 6.000000
73.747808 53.581805 6.000000
73.506276 52.088547 6.000000
72.906664 50.526742 6.000000
72.062694 49.012368 6.000000
71.088089 47.661404 6.000000
70.096571 46.589827 6.000000
68.978476 45.681178 6.000000
67.605993 44.798693 6.000000
66.077302 44.040017 6.000000
64.490596 43.502818 6.000000
62.944071 43.284761 6.000000
61.397735 43.340530 6.000000
59.757235 43.514505 6.000000
58.092433 43.788755 6.000000
56.473774 44.145899 6.000000
54.971702 44.568554 6.000000
53.656662 45.039337 6.000000
52.456572 45.761971 6.000000
51.283746 46.899013 6.000000
50.233361 48.291423 6.000000
49.401031 49.779440 6.000000
48.877423 51.208426 6.000000
48.523888 52.664537 6.000000
48.232959 54.211030 6.000000
47.997035 55.809356 6.000000
47.808517 57.420964 6.000000
47.659795 59.007322 6.000000
47.528889 60.572278 6.000000
47.405139 62.141438 6.000000
47.295734 63.713553 6.000000
47.207860 65.287373 6.000000
47.148704 66.861650 6.000000
47.125453 68.435133 6.000000
47.127661 70.008755 6.000000
47.135036 71.583953 6.000000
47.147148 73.159276 6.000000
47.163652 74.733265 6.000000
47.184204 76.304458 6.000000
47.232753 77.896663 6.000000
47.350426 79.528755 6.000000
47.529491 81.150670 6.000000
47.761056 82.710926 6.000000
48.036232 84.158040 6.000000
48.469433 85.579995 6.000000
49.242864 87.130484 6.000000
50.279609 88.661477 6.000000
51.496963 90.018297 6.000000
52.812218 91.046265 6.000000
54.142668 91.590704 6.000000
55.466231 91.634446 6.000000
56.946924 91.564655 6.000000
58.563478 91.326486 6.000000
60.273504 90.816239 6.000000
59.368290 88.922893 7.000000
59.485514 87.435125 7.000000
59.613014 85.948462 7.000000
59.747007 84.460685 7.000000
59.881312 82.966684 7.000000
60.029711 81.475241 7.000000
60.207758 79.996422 7.000000
60.433004 78.538473 7.000000
60.749261 77.079486 7.000000
61.157609 75.621958 7.000000
61.642713 74.181384 7.000000
62.189241 72.773258 7.000000
62.781856 71.413074 7.000000
63.420351 70.116275 7.000000
64.211654 68.885462 7.000000
65.128768 67.700353 7.000000
66.108684 66.538526 7.000000
67.088396 65.377557 7.000000
68.018118 64.200139 7.000000
68.987655 63.041691 7.000000
69.980871 61.894038 7.000000
70.938954 60.732207 7.000000
71.803093 59.531224 7.000000
72.521309 58.265023 7.000000
73.229675 56.894670 7.000000
73.815541 55.468204 7.000000
74.025163 54.062949 7.000000
73.689604 52.643917 7.000000
72.979508 51.237158 7.000000
72.145025 49.955390 7.000000
71.275031 48.824126 7.000000
70.212573 47.747808 7.000000
69.016512 46.756941 7.000000
67.751925 45.885501 7.000000
66.480171 45.161235 7.000000
65.146593 44.456060 7.000000
63.737986 43.814583 7.000000
62.291204 43.381787 7.000000
60.831396 43.283175 7.000000
59.268208 43.324111 7.000000
57.741429 43.407354 7.000000
56.445083 43.562822 7.000000
55.267451 44.262433 7.000000
54.178090 45.444532 7.000000
53.222321 46.850644 7.000000
52.445465 48.222290 7.000000
51.822184 49.524369 7.000000
51.281181 50.935422 7.000000
50.839696 52.398224 7.000000
50.513993 53.854954 7.000000
50.251982 55.315402 7.000000
50.026196 56.794942 7.000000
49.843000 58.284678 7.000000
49.708758 59.775713 7.000000
49.623482 61.262321 7.000000
49.562174 62.751549 7.000000
49.514830 64.243327 7.000000
49.473701 65.736479 7.000000
49.431039 67.229825 7.000000
49.379097 68.722188 7.000000
49.305204 70.212630 7.000000
49.193709 71.701926 7.000000
49.073943 73.190877 7.000000
48.980050 74.680184 7.000000
48.945869 76.170768 7.000000
48.945869 77.688339 7.000000
48.945869 79.200596 7.000000
48.947974 80.637658 7.000000
49.188347 82.071816 7.000000
49.765644 83.531995 7.000000
50.591497 84.948730 7.000000
51.577537 86.252560 7.000000
52.635395 87.374022 7.000000
53.677755 88.244458 7.000000
54.822971 88.953086 7.000000
56.166376 89.573463 7.000000
57.661559 90.071143 7.000000
59.262108 90.411681 7.000000
59.262108 90.411681 7.000000
59.368290 88.922893 7.000000
61.249228 87.317373 8.000000
61.249228 87.317373 8.000000
61.288263 85.934125 8.000000
61.341441 84.551733 8.000000
61.406339 83.170234 8.000000
61.480537 81.789664 8.000000
61.561606 80.410024 8.000000
61.645659 79.007457 8.000000
61.736955 77.579971 8.000000
61.844595 76.154653 8.000000
61.977678 74.758592 8.000000
62.145307 73.418876 8.000000
62.357721 72.162443 8.000000
62.829479 70.979916 8.000000
63.625034 69.848872 8.000000
64.614311 68.765405 8.000000
65.667235 67.725608 8.000000
66.657696 66.726463 8.000000
67.692756 65.804774 8.000000
68.819321 64.946876 8.000000
69.960143 64.104541 8.000000
71.037974 63.229542 8.000000
71.975564 62.273652 8.000000
72.815326 61.185838 8.000000
73.688015 59.973002 8.000000
74.470170 58.697007 8.000000
75.031594 57.420525 8.000000
75.242101 56.206178 8.000000
75.037082 54.966337 8.000000
74.489558 53.637738 8.000000
73.678746 52.304250 8.000000
72.683865 51.049737 8.000000
71.584131 49.958068 8.000000
70.458764 49.113108 8.000000
69.380358 48.592012 8.000000
68.180326 48.212833 8.000000
66.813679 47.878038 8.000000
65.361756 47.611264 8.000000
63.905897 47.436146 8.000000
62.527207 47.376449 8.000000
61.156273 47.523808 8.000000
59.738430 47.904051 8.000000
58.344125 48.460346 8.000000
57.043805 49.135862 8.000000
55.907918 49.873764 8.000000
54.993500 50.637753 8.000000
54.177541 51.635807 8.000000
53.434509 52.859374 8.000000
52.792730 54.209394 8.000000
52.280533 55.586807 8.000000
51.918463 56.904277 8.000000
51.627828 58.235805 8.000000
51.380920 59.603507 8.000000
51.177813 60.990533 8.000000
51.018583 62.380036 8.000000
50.900499 63.757460 8.000000
50.796220 65.134364 8.000000
50.702118 66.514694 8.000000
50.622346 67.897258 8.000000
50.561058 69.280866 8.000000
50.522407 70.664327 8.000000
50.508279 72.047074 8.000000
50.500439 73.432980 8.000000
50.494180 74.820175 8.000000
50.489714 76.205238 8.000000
50.487250 77.584751 8.000000
50.498483 78.965352 8.000000
50.626528 80.415388 8.000000
50.872575 81.878707 8.000000
51.207492 83.269032 8.000000
51.602149 84.500086 8.000000
52.102441 85.551524 8.000000
52.977287 86.630662 8.000000
54.142658 87.677406 8.000000
55.470224 88.595053 8.000000
56.831652 89.286899 8.000000
58.098611 89.656241 8.000000
59.190052 89.523749 8.000000
60.231336 88.643116 8.000000
61.249228 87.317373 8.000000
63.094110 71.588670 9.000000
63.598160 70.650969 9.000000
64.136530 69.728826 9.000000
64.136530 69.728826 9.000000
64.764146 68.858749 9.000000
65.413894 68.008635 9.000000
66.085533 67.180659 9.000000
66.778817 66.377000 9.000000
67.493505 65.599834 9.000000
68.232635 64.853144 9.000000
69.020761 64.150164 9.000000
69.848218 63.480416 9.000000
70.696729 62.828203 9.000000
71.548018 62.177828 9.000000
72.383811 61.513597 9.000000
73.185831 60.819812 9.000000
73.967220 60.084914 9.000000
74.880740 59.325779 9.000000
75.658713 58.522594 9.000000
75.948987 57.644619 9.000000
75.808898 56.568024 9.000000
75.527373 55.526506 9.000000
75.090487 54.716409 9.000000
74.371402 53.955330 9.000000
73.458553 53.261385 9.000000
72.443428 52.656601 9.000000
71.417516 52.163004 9.000000
70.456121 51.791339 9.000000
69.466357 51.451729 9.000000
68.430700 51.138959 9.000000
67.368582 50.876859 9.000000
66.299432 50.689261 9.000000
65.242679 50.599995 9.000000
64.193988 50.630231 9.000000
63.117341 50.773068 9.000000
62.037148 51.005001 9.000000
60.980742 51.302322 9.000000
59.975454 51.641319 9.000000
59.047926 51.999092 9.000000
58.135557 52.458165 9.000000
57.211536 53.063743 9.000000
56.315683 53.784214 9.000000
55.487818 54.587969 9.000000
54.767763 55.443394 9.000000
54.195337 56.318879 9.000000
53.797382 57.192077 9.000000
53.452737 58.142597 9.000000
53.139228 59.171821 9.000000
52.878862 60.248741 9.000000
52.693651 61.342349 9.000000
52.605605 62.421636 9.000000
52.606384 63.477923 9.000000
52.628400 64.547610 9.000000
52.666165 65.622829 9.000000
52.717785 66.693099 9.000000
52.781368 67.747940 9.000000
52.862251 68.778209 9.000000
53.067997 69.797067 9.000000
53.406747 70.807114 9.000000
53.841571 71.803640 9.000000
54.335538 72.781932 9.000000
54.851717 73.737281 9.000000
55.356615 74.664458 9.000000
55.929238 75.548250 9.000000
56.569271 76.404312 9.000000
57.212367 77.261054 9.000000
57.823287 78.208738 9.000000
58.458347 79.374082 9.000000
59.068421 80.457183 9.000000
59.591505 81.120904 9.000000
59.981145 81.040704 9.000000
60.285885 80.215528 9.000000
60.552053 78.966875 9.000000
60.821198 77.629118 9.000000
61.132179 76.515860 9.000000
61.469840 75.506478 9.000000
61.827100 74.502822 9.000000
62.211264 73.512481 9.000000
62.630486 72.542049 9.000000
63.094110 71.588670 9.000000
63.582214 74.027066 10.000000
63.582214 74.027066 10.000000
64.093628 73.047150 10.000000
64.642908 72.094712 10.000000
65.230007 71.176566 10.000000
65.854878 70.299526 10.000000
66.524997 69.466063 10.000000
67.251279 68.666070 10.000000
68.021512 67.893104 10.000000
68.822624 67.141022 10.000000
69.641541 66.403683 10.000000
70.465191 65.674945 10.000000
71.281371 64.948999 10.000000
72.191266 64.263930 10.000000
73.183933 63.616853 10.000000
74.134533 62.961749 10.000000
74.918223 62.252595 10.000000
75.412888 61.441146 10.000000
75.747541 60.364344 10.000000
75.991906 59.196410 10.000000
76.056284 58.285184 10.000000
75.698477 57.549061 10.000000
74.920136 56.859919 10.000000
73.854721 56.237724 10.000000
72.635695 55.702442 10.000000
71.396518 55.274037 10.000000
70.270652 54.972476 10.000000
69.236555 54.756187 10.000000
68.155392 54.559735 10.000000
67.050144 54.395862 10.000000
65.944643 54.277679 10.000000
64.862723 54.218296 10.000000
63.801454 54.265374 10.000000
62.705961 54.517705 10.000000
61.618317 54.930624 10.000000
60.588559 55.448491 10.000000
59.666727 56.015662 10.000000
58.882496 56.595150 10.000000
58.092017 57.317086 10.000000
57.307809 58.184029 10.000000
56.593315 59.153471 10.000000
56.011978 60.182902 10.000000
55.627241 61.229814 10.000000
55.501478 62.252152 10.000000
55.504927 63.288474 10.000000
55.513812 64.371887 10.000000
55.527457 65.482683 10.000000
55.545191 66.601156 10.000000
55.566337 67.707599 10.000000
55.609132 68.795127 10.000000
55.699004 69.880570 10.000000
55.815838 70.965247 10.000000
55.938393 72.049911 10.000000
56.045428 73.135318 10.000000
56.119835 74.224098 10.000000
56.173430 75.323321 10.000000
56.217119 76.427183 10.000000
56.259915 77.528254 10.000000
56.310830 78.619105 10.000000
56.378875 79.692307 10.000000
56.476089 80.748586 10.000000
56.682312 81.956325 10.000000
57.014438 83.275001 10.000000
57.452034 84.557461 10.000000
57.974665 85.656553 10.000000
58.561899 86.425124 10.000000
59.193303 86.716021 10.000000
60.243384 86.381817 10.000000
61.145618 85.720090 10.000000
61.395784 84.949079 10.000000
61.562736 83.958650 10.000000
61.679505 82.821372 10.000000
61.778497 81.610019 10.000000
61.892119 80.397365 10.000000
62.052776 79.256183 10.000000
62.277996 78.196200 10.000000
62.552081 77.144324 10.000000
62.866406 76.099013 10.000000
63.212581 75.060012 10.000000
63.582214 74.027066 10.000000
67.244895 71.134525 11.000000
67.694739 70.538398 11.000000
68.162401 69.960569 11.000000
68.648504 69.404147 11.000000
69.155483 68.870865 11.000000
69.687036 68.356375 11.000000
70.238220 67.857127 11.000000
70.803524 67.369798 11.000000
71.377433 66.891067 11.000000
71.954433 66.417610 11.000000
72.529964 65.946712 11.000000
73.136113 65.498813 11.000000
73.768297 65.070633 11.000000
74.395447 64.641985 11.000000
74.986495 64.192683 11.000000
75.510374 63.702539 11.000000
75.983908 63.141229 11.000000
76.480092 62.495124 11.000000
76.921611 61.811206 11.000000
77.222991 61.138956 11.000000
77.299310 60.524176 11.000000
77.115783 59.907286 11.000000
76.721082 59.273593 11.000000
76.171102 58.654372 11.000000
75.521736 58.080894 11.000000
74.828877 57.584435 11.000000
74.148419 57.196268 11.000000
73.520998 56.937046 11.000000
72.856716 56.733379 11.000000
72.143122 56.559937 11.000000
71.396159 56.410608 11.000000
70.631770 56.279277 11.000000
69.865898 56.159830 11.000000
69.114486 56.046154 11.000000
68.378612 55.927633 11.000000
67.638151 55.804442 11.000000
66.897217 55.698359 11.000000
66.160720 55.631603 11.000000
65.428412 55.628435 11.000000
64.668562 55.715248 11.000000
63.897197 55.880696 11.000000
63.141734 56.107164 11.000000
62.429589 56.377036 11.000000
61.788181 56.672699 11.000000
61.228066 56.996004 11.000000
60.666743 57.452724 11.000000
60.120141 58.029228 11.000000
59.625823 58.686458 11.000000
59.221352 59.385354 11.000000
58.944289 60.086858 11.000000
58.815542 60.762338 11.000000
58.724759 61.466700 11.000000
58.645286 62.204861 11.000000
58.578274 62.964548 11.000000
58.524873 63.733489 11.000000
58.486235 64.499410 11.000000
58.463511 65.250038 11.000000
58.460669 65.973507 11.000000
58.579796 66.677265 11.000000
58.834592 67.370548 11.000000
59.174213 68.055761 11.000000
59.547815 68.735309 11.000000
59.904551 69.411597 11.000000
60.212098 70.094701 11.000000
60.509997 70.799331 11.000000
60.816315 71.503200 11.000000
61.145732 72.181622 11.000000
61.512930 72.809908 11.000000
61.935879 73.369834 11.000000
62.487422 73.965820 11.000000
63.121746 74.507753 11.000000
63.744490 74.816081 11.000000
64.296818 74.794886 11.000000
64.831681 74.586567 11.000000
65.352416 74.190697 11.000000
65.857262 73.594084 11.000000
66.344459 72.783531 11.000000
66.812247 71.745844 11.000000
66.812247 71.745844 11.000000
67.244895 71.134525 11.000000
69.129067 68.985967 12.000000
69.444124 68.542545 12.000000
69.773645 68.113853 12.000000
70.125114 67.696756 12.000000
70.496133 67.290089 12.000000
70.883147 66.893033 12.000000
71.282600 66.504764 12.000000
71.690934 66.124462 12.000000
72.104594 65.751304 12.000000
72.520022 65.384470 12.000000
72.938851 65.023926 12.000000
73.434069 64.680563 12.000000
73.995662 64.352792 12.000000
74.578479 64.033697 12.000000
75.137367 63.716360 12.000000
75.627175 63.393865 12.000000
76.002751 63.059296 12.000000
76.218942 62.705735 12.000000
76.228403 62.321837 12.000000
76.012110 61.882489 12.000000
75.639192 61.417077 12.000000
75.188790 60.964503 12.000000
74.740048 60.563675 12.000000
74.326919 60.222614 12.000000
73.880385 59.890345 12.000000
73.404613 59.576710 12.000000
72.908311 59.294895 12.000000
72.400186 59.058087 12.000000
71.888945 58.879474 12.000000
71.372531 58.746717 12.000000
70.837965 58.621094 12.000000
70.290324 58.506326 12.000000
69.735105 58.407130 12.000000
69.177808 58.328222 12.000000
68.623933 58.274323 12.000000
68.078977 58.250148 12.000000
67.527368 58.272515 12.000000
66.941269 58.363682 12.000000
66.349683 58.511871 12.000000
65.783520 58.704184 12.000000
65.273694 58.927720 12.000000
64.851115 59.169581 12.000000
64.516990 59.447365 12.000000
64.189844 59.849265 12.000000
63.883128 60.348833 12.000000
63.620214 60.908715 12.000000
63.424473 61.491552 12.000000
63.319274 62.059989 12.000000
63.311429 62.591341 12.000000
63.335200 63.130807 12.000000
63.378041 63.681440 12.000000
63.436610 64.238425 12.000000
63.507567 64.796942 12.000000
63.587568 65.352176 12.000000
63.673275 65.899308 12.000000
63.768352 66.435835 12.000000
63.900978 66.969329 12.000000
64.066763 67.499375 12.000000
64.256678 68.024187 12.000000
64.461691 68.541978 12.000000
64.672770 69.050960 12.000000
64.896135 69.578031 12.000000
65.157737 70.172738 12.000000
65.447726 70.803945 12.000000
65.754680 71.437289 12.000000
66.067179 72.038407 12.000000
66.373804 72.572937 12.000000
66.663132 73.006516 12.000000
66.923744 73.304782 12.000000
67.144218 73.433373 12.000000
67.326561 73.304942 12.000000
67.489536 72.862659 12.000000
67.633361 72.196166 12.000000
67.757835 71.397436 12.000000
67.757835 71.397436 12.000000
68.003040 70.892890 12.000000
68.263317 70.398372 12.000000
68.538113 69.914979 12.000000
68.826880 69.443811 12.000000
69.129067 68.985967 12.000000
71.312528 66.542045 13.000000
71.535099 66.357014 13.000000
71.743534 66.176479 13.000000
71.938263 66.000634 13.000000
72.119714 65.829673 13.000000
72.288318 65.663789 13.000000
72.444504 65.503176 13.000000
72.588701 65.348026 13.000000
72.721340 65.198534 13.000000
72.842849 65.054893 13.000000
72.953658 64.917296 13.000000
73.054198 64.785936 13.000000
73.144897 64.661008 13.000000
73.226184 64.542705 13.000000
73.298490 64.431219 13.000000
73.362245 64.326745 13.000000
73.417876 64.229476 13.000000
73.465815 64.139606 13.000000
73.506491 64.057327 13.000000
73.540333 63.982833 13.000000
73.567770 63.916319 13.000000
73.589233 63.857976 13.000000
73.605151 63.807999 13.000000
73.615953 63.766581 13.000000
73.622070 63.733915 13.000000
73.623906 63.710191 13.000000
73.599052 63.690998 13.000000
73.530589 63.672390 13.000000
73.422955 63.654435 13.000000
73.280584 63.637199 13.000000
73.107915 63.620748 13.000000
72.909384 63.605149 13.000000
72.689427 63.590469 13.000000
72.452480 63.576775 13.000000
72.202981 63.564132 13.000000
71.945367 63.552608 13.000000
71.684073 63.542269 13.000000
71.423536 63.533182 13.000000
71.168194 63.525413 13.000000
70.922481 63.519030 13.000000
70.690837 63.514098 13.000000
70.477695 63.510684 13.000000
70.287495 63.508856 13.000000
70.121100 63.511856 13.000000
69.949085 63.548402 13.000000
69.768007 63.621281 13.000000
69.582950 63.725412 13.000000
69.398997 63.855715 13.000000
69.221231 64.007110 13.000000
69.054736 64.174516 13.000000
68.904593 64.352855 13.000000
68.775887 64.537046 13.000000
68.673701 64.722008 13.000000
68.603118 64.902662 13.000000
68.569221 65.073928 13.000000
68.566984 65.235686 13.000000
68.567445 65.400888 13.000000
68.568961 65.570553 13.000000
68.572164 65.744634 13.000000
68.577682 65.923085 13.000000
68.586147 66.105857 13.000000
68.598189 66.292905 13.000000
68.614437 66.484181 13.000000
68.635523 66.679638 13.000000
68.662076 66.879229 13.000000
68.694727 67.082908 13.000000
68.734106 67.290627 13.000000
68.780844 67.502340 13.000000
68.835570 67.717999 13.000000
68.898915 67.937557 13.000000
68.971510 68.160969 13.000000
68.971510 68.160969 13.000000
69.322634 67.946927 13.000000
69.656186 67.735834 13.000000
69.972595 67.527884 13.000000
70.272290 67.323271 13.000000
70.555702 67.122186 13.000000
70.823259 66.924825 13.000000
71.075391 66.731380 13.000000
71.312528 66.542045 13.000000
