71.918240 97.154863 4.000000
74.270366 97.450219 4.000000
76.568821 97.605047 4.000000
78.810149 97.664738 4.000000
80.990893 97.674687 4.000000
83.224462 97.424173 4.000000
85.576488 96.646435 4.000000
87.881852 95.475546 4.000000
89.973870 94.048596 4.000000
91.685860 92.502677 4.000000
92.862082 90.964223 4.000000
93.802438 89.141102 4.000000
94.656588 86.959000 4.000000
95.352762 84.571532 4.000000
95.819187 82.132314 4.000000
95.984154 79.794833 4.000000
95.888135 77.503147 4.000000
95.633380 75.158031 4.000000
95.254561 72.819760 4.000000
94.786353 70.548611 4.000000
94.263431 68.404859 4.000000
93.534001 66.385423 4.000000
92.425439 64.429341 4.000000
91.035682 62.536294 4.000000
89.463915 60.706309 4.000000
87.809323 58.939414 4.000000
86.171090 57.235638 4.000000
84.594447 55.597780 4.000000
82.927745 54.031381 4.000000
81.178635 52.524380 4.000000
79.376722 51.063129 4.000000
77.551612 49.633980 4.000000
75.732325 48.222093 4.000000
73.914687 46.787333 4.000000
72.073997 45.366172 4.000000
70.191761 44.027731 4.000000
68.249483 42.841133 4.000000
66.209588 41.750222 4.000000
64.058144 40.610044 4.000000
61.857738 39.571008 4.000000
59.672802 38.792454 4.000000
57.567767 38.433719 4.000000
55.459428 38.721829 4.000000
53.230469 39.715690 4.000000
51.090543 41.183224 4.000000
49.255454 42.888114 4.000000
47.941005 44.594044 4.000000
47.055025 46.397938 4.000000
46.302420 48.529984 4.000000
45.672516 50.863442 4.000000
45.155253 53.270861 4.000000
44.740572 55.624788 4.000000
44.389377 57.884625 4.000000
44.051482 60.159920 4.000000
43.745502 62.449167 4.000000
43.491707 64.747108 4.000000
43.310367 67.048489 4.000000
43.221753 69.348052 4.000000
43.219258 71.651881 4.000000
43.233836 73.979365 4.000000
43.260198 76.309198 4.000000
43.297948 78.617588 4.000000
43.346691 80.880742 4.000000
43.498527 83.153380 4.000000
44.071799 85.623344 4.000000
44.991109 88.070070 4.000000
46.139792 90.234475 4.000000
47.401183 91.857477 4.000000
48.796652 92.846677 4.000000
50.680899 93.656173 4.000000
52.938624 94.342448 4.000000
55.410304 94.915472 4.000000
57.936414 95.385218 4.000000
60.357429 95.761655 4.000000
62.626078 96.071639 4.000000
64.906866 96.342730 4.000000
67.204265 96.551632 4.000000
69.515903 96.673586 4.000000
69.515903 96.673586 4.000000
71.918240 97.154863 4.000000
72.741908 98.194861 5.000000
72.741908 98.194861 5.000000
75.085593 98.459420 5.000000
77.365111 98.619224 5.000000
79.573253 98.700679 5.000000
81.702810 98.730193 5.000000
83.746703 98.733782 5.000000
85.807949 98.379757 5.000000
87.910121 97.466136 5.000000
89.949931 96.144822 5.000000
91.824087 94.567719 5.000000
93.429298 92.886731 5.000000
94.662529 91.253475 5.000000
95.698250 89.501479 5.000000
96.680164 87.472496 5.000000
97.506626 85.277156 5.000000
98.075995 83.026093 5.000000
98.286630 80.829934 5.000000
98.213462 78.639789 5.000000
98.012141 76.381769 5.000000
97.707334 74.123875 5.000000
97.323704 71.934113 5.000000
96.885917 69.880485 5.000000
96.212291 67.949706 5.000000
95.120042 66.071953 5.000000
93.724813 64.261207 5.000000
92.143312 62.531809 5.000000
90.492250 60.898097 5.000000
88.888293 59.374415 5.000000
87.253245 57.975745 5.000000
85.478973 56.680814 5.000000
83.620662 55.450452 5.000000
81.733501 54.245491 5.000000
79.872676 53.026763 5.000000
78.067747 51.707411 5.000000
76.281721 50.284044 5.000000
74.481451 48.905153 5.000000
72.634071 47.720638 5.000000
70.706715 46.880395 5.000000
68.628842 46.296208 5.000000
66.398318 45.753163 5.000000
64.102681 45.280537 5.000000
61.829622 44.908211 5.000000
59.666832 44.666067 5.000000
57.701666 44.584809 5.000000
55.820302 45.139218 5.000000
53.963474 46.494266 5.000000
52.253994 48.329140 5.000000
50.814670 50.323024 5.000000
49.759414 52.173392 5.000000
48.941753 54.096474 5.000000
48.247731 56.199442 5.000000
47.650754 58.403480 5.000000
47.124228 60.629770 5.000000
46.640188 62.802235 5.000000
46.141454 64.954718 5.000000
45.641110 67.121779 5.000000
45.183280 69.299206 5.000000
44.812083 71.482788 5.000000
44.571642 73.668315 5.000000
44.504872 75.853580 5.000000
44.588316 78.106404 5.000000
44.782908 80.404390 5.000000
45.071302 82.668724 5.000000
45.436153 84.820591 5.000000
45.861215 86.782157 5.000000
46.681298 88.780606 5.000000
48.041844 90.847656 5.000000
49.753525 92.710992 5.000000
51.627011 94.098303 5.000000
53.473717 94.738547 5.000000
55.413076 94.912842 5.000000
57.577241 95.016314 5.000000
59.876754 95.085961 5.000000
62.222157 95.158782 5.000000
64.523992 95.271779 5.000000
66.693782 95.465438 5.000000
68.756132 96.051997 5.000000
70.769046 97.043238 5.000000
72.741908 98.194861 5.000000
72.921224 97.828931 6.000000
72.921224 97.828931 6.000000
75.323388 98.284836 6.000000
77.664248 98.560998 6.000000
79.937483 98.702472 6.000000
82.136770 98.754315 6.000000
84.255807 98.761545 6.000000
86.441948 98.425798 6.000000
88.730875 97.531524 6.000000
90.960017 96.225445 6.000000
92.966804 94.654281 6.000000
94.588667 92.964755 6.000000
95.663457 91.303183 6.000000
96.412143 89.464767 6.000000
97.082264 87.288364 6.000000
97.621185 84.918615 6.000000
97.976272 82.500161 6.000000
98.095175 80.177093 6.000000
98.026653 77.903316 6.000000
97.847137 75.597277 6.000000
97.572839 73.297686 6.000000
97.219974 71.043250 6.000000
96.804754 68.872678 6.000000
96.034214 66.728023 6.000000
94.827310 64.704736 6.000000
93.447168 63.048356 6.000000
91.671678 61.705989 6.000000
89.645771 60.506365 6.000000
87.616710 59.291624 6.000000
85.831614 57.903846 6.000000
84.359034 56.203892 6.000000
83.027807 54.299282 6.000000
81.703107 52.393109 6.000000
80.250107 50.688463 6.000000
78.597833 49.174369 6.000000
76.815238 47.614005 6.000000
74.926497 46.106991 6.000000
72.954120 44.760374 6.000000
70.920620 43.681197 6.000000
68.848508 42.976507 6.000000
66.724162 42.666084 6.000000
64.443733 42.433356 6.000000
62.087164 42.248069 6.000000
59.755457 42.122523 6.000000
57.549615 42.069017 6.000000
55.390582 42.360682 6.000000
53.132068 43.335342 6.000000
50.997373 44.770595 6.000000
49.216568 46.433999 6.000000
48.019456 48.093373 6.000000
47.218366 49.905534 6.000000
46.524021 52.053783 6.000000
45.956251 54.401898 6.000000
45.534888 56.813660 6.000000
45.279764 59.152849 6.000000
45.135758 61.403255 6.000000
45.010217 63.671674 6.000000
44.905792 65.951872 6.000000
44.825718 68.236801 6.000000
44.773226 70.519416 6.000000
44.751548 72.792670 6.000000
44.807776 75.084998 6.000000
45.005189 77.421317 6.000000
45.319525 79.743275 6.000000
45.725010 81.991191 6.000000
46.195874 84.105383 6.000000
46.896840 86.177513 6.000000
48.073638 88.331083 6.000000
49.586832 90.358867 6.000000
51.289809 92.047694 6.000000
53.035954 93.184392 6.000000
54.886963 93.827911 6.000000
57.012259 94.306600 6.000000
59.318795 94.686854 6.000000
61.711932 95.033214 6.000000
64.097027 95.410226 6.000000
66.379467 95.882424 6.000000
68.573579 96.467893 6.000000
70.753035 97.125718 6.000000
72.921224 97.828931 6.000000
74.718906 100.315498 7.000000
74.718906 100.315498 7.000000
77.043493 100.222687 7.000000
79.299609 99.973928 7.000000
81.473013 99.613729 7.000000
83.549465 99.186599 7.000000
85.601711 98.563396 7.000000
87.685638 97.581684 7.000000
89.713641 96.324114 7.000000
91.597473 94.874516 7.000000
93.248884 93.316724 7.000000
94.579628 91.734567 7.000000
95.747615 90.001770 7.000000
96.882976 88.005853 7.000000
97.859919 85.847854 7.000000
98.552657 83.628814 7.000000
98.835399 81.449773 7.000000
98.752228 79.271278 7.000000
98.493139 76.995581 7.000000
98.088390 74.694684 7.000000
97.567493 72.441274 7.000000
96.959963 70.308042 7.000000
96.295314 68.367676 7.000000
95.301589 66.632093 7.000000
93.818134 65.029906 7.000000
92.046253 63.509441 7.000000
90.187250 62.019024 7.000000
88.442430 60.506981 7.000000
86.848687 58.955024 7.000000
85.256521 57.397337 7.000000
83.655093 55.849027 7.000000
82.034508 54.325032 7.000000
80.384871 52.840293 7.000000
78.697328 51.405141 7.000000
76.989218 49.926054 7.000000
75.257538 48.431470 7.000000
73.485451 47.016069 7.000000
71.656120 45.774536 7.000000
69.752706 44.801551 7.000000
67.695908 43.994646 7.000000
65.476582 43.211632 7.000000
63.194508 42.514485 7.000000
60.949507 41.965286 7.000000
58.841401 41.626112 7.000000
56.952916 41.592053 7.000000
55.083928 42.420554 7.000000
53.267956 44.020106 7.000000
51.661874 46.034055 7.000000
50.422560 48.105746 7.000000
49.621994 50.002420 7.000000
48.959987 52.061663 7.000000
48.403448 54.268708 7.000000
47.965567 56.543375 7.000000
47.659530 58.805479 7.000000
47.469342 61.007673 7.000000
47.304206 63.217401 7.000000
47.161804 65.438126 7.000000
47.048185 67.665280 7.000000
46.969396 69.894297 7.000000
46.931485 72.120611 7.000000
46.934428 74.372297 7.000000
46.962000 76.706120 7.000000
47.012054 79.039184 7.000000
47.083702 81.279672 7.000000
47.176056 83.335765 7.000000
47.527055 85.169298 7.000000
48.719881 86.892481 7.000000
50.493038 88.506642 7.000000
52.528222 90.002930 7.000000
54.507126 91.372495 7.000000
56.291038 92.629199 7.000000
58.160747 93.820510 7.000000
60.110790 94.939152 7.000000
62.117399 95.975111 7.000000
64.156808 96.918374 7.000000
66.205251 97.758925 7.000000
68.272642 98.511809 7.000000
70.384286 99.195068 7.000000
72.534830 99.799403 7.000000
74.718906 100.315498 7.000000
75.373034 99.076028 8.000000
75.373034 99.076028 8.000000
77.553660 99.093555 8.000000
79.685925 99.102548 8.000000
81.759919 99.105854 8.000000
83.765735 99.106319 8.000000
85.790569 98.843272 8.000000
87.865479 98.133081 8.000000
89.899008 97.087396 8.000000
91.799698 95.817864 8.000000
93.476091 94.436136 8.000000
94.836730 93.053860 8.000000
96.011759 91.539231 8.000000
97.161097 89.704387 8.000000
98.150638 87.670641 8.000000
98.845358 85.560295 8.000000
99.110234 83.495651 8.000000
99.058711 81.430959 8.000000
98.912721 79.281830 8.000000
98.688122 77.121072 8.000000
98.400754 75.021507 8.000000
98.066458 73.055954 8.000000
97.456014 71.211208 8.000000
96.412765 69.426533 8.000000
95.070176 67.705942 8.000000
93.561720 66.053448 8.000000
92.020867 64.473065 8.000000
90.567061 62.969267 8.000000
89.065658 61.547543 8.000000
87.469315 60.193554 8.000000
85.808295 58.888162 8.000000
84.112860 57.612233 8.000000
82.413274 56.346631 8.000000
80.739384 55.070918 8.000000
79.090946 53.738254 8.000000
77.436930 52.397396 8.000000
75.748408 51.136552 8.000000
73.996451 50.043927 8.000000
72.148978 49.089033 8.000000
70.205466 48.107471 8.000000
68.202260 47.182925 8.000000
66.176422 46.407672 8.000000
64.165015 45.873988 8.000000
62.205103 45.674148 8.000000
60.170850 45.956095 8.000000
58.030542 46.711266 8.000000
55.968141 47.794290 8.000000
54.167612 49.059789 8.000000
52.812924 50.362387 8.000000
51.790168 51.868046 8.000000
50.872176 53.754451 8.000000
50.094982 55.868723 8.000000
49.494674 58.057930 8.000000
49.107325 60.169151 8.000000
48.847176 62.214175 8.000000
48.614729 64.293591 8.000000
48.418735 66.395748 8.000000
48.267945 68.508999 8.000000
48.171110 70.621693 8.000000
48.136981 72.722181 8.000000
48.183881 74.861727 8.000000
48.316636 77.049842 8.000000
48.523901 79.213103 8.000000
48.794330 81.278091 8.000000
49.116578 83.171386 8.000000
49.810291 84.923307 8.000000
51.076923 86.600501 8.000000
52.702177 88.177279 8.000000
54.471705 89.627939 8.000000
56.171181 90.926783 8.000000
57.833851 92.113311 8.000000
59.608859 93.234632 8.000000
61.468512 94.280174 8.000000
63.385117 95.239366 8.000000
65.330983 96.101634 8.000000
67.278416 96.856409 8.000000
69.241636 97.524146 8.000000
71.248985 98.124302 8.000000
73.294704 98.645417 8.000000
75.373034 99.076028 8.000000
77.361735 98.661254 9.000000
77.361735 98.661254 9.000000
79.427685 98.619508 9.000000
81.437632 98.502395 9.000000
83.385175 98.322102 9.000000
85.263913 98.090816 9.000000
87.067442 97.820724 9.000000
88.891990 97.348602 9.000000
90.787834 96.519565 9.000000
92.643049 95.415608 9.000000
94.345401 94.119208 9.000000
95.782658 92.712845 9.000000
96.842584 91.278998 9.000000
97.583297 89.757896 9.000000
98.265081 87.959649 9.000000
98.837118 85.986197 9.000000
99.239038 83.947909 9.000000
99.410470 81.955151 9.000000
99.379972 79.997066 9.000000
99.272518 77.981611 9.000000
99.105960 75.997831 9.000000
98.896613 74.137080 9.000000
98.537174 72.439583 9.000000
97.765481 70.816773 9.000000
96.654643 69.256298 9.000000
95.294288 67.751156 9.000000
93.774039 66.294349 9.000000
92.183523 64.878875 9.000000
90.612364 63.497734 9.000000
89.150190 62.143926 9.000000
87.747340 60.814967 9.000000
86.291013 59.517754 9.000000
84.788988 58.259129 9.000000
83.249078 57.045934 9.000000
81.679100 55.885010 9.000000
80.086463 54.781400 9.000000
78.456369 53.680190 9.000000
76.775616 52.647090 9.000000
75.040879 51.812004 9.000000
73.238133 51.157933 9.000000
71.363960 50.520126 9.000000
69.445582 49.940724 9.000000
67.510605 49.465459 9.000000
65.586632 49.140065 9.000000
63.701267 49.010276 9.000000
61.779861 49.228400 9.000000
59.804861 49.854188 9.000000
57.944694 50.733471 9.000000
56.368458 51.711336 9.000000
54.997550 52.859294 9.000000
53.615883 54.389427 9.000000
52.398496 56.166687 9.000000
51.525328 58.051605 9.000000
51.176320 59.904718 9.000000
51.195420 61.751545 9.000000
51.255371 63.701964 9.000000
51.352533 65.707103 9.000000
51.483745 67.717853 9.000000
51.645850 69.685105 9.000000
51.835699 71.559753 9.000000
52.298681 73.338394 9.000000
53.165336 75.061675 9.000000
54.271099 76.747911 9.000000
55.451404 78.415415 9.000000
56.541686 80.082503 9.000000
57.531273 81.763968 9.000000
58.531485 83.447947 9.000000
59.559145 85.112723 9.000000
60.631073 86.736584 9.000000
61.764091 88.297813 9.000000
62.952560 89.882887 9.000000
64.185763 91.535702 9.000000
65.475962 93.153587 9.000000
66.835433 94.633802 9.000000
68.276452 95.873610 9.000000
69.811294 96.770271 9.000000
71.487336 97.432668 9.000000
73.325349 98.009481 9.000000
75.293947 98.439445 9.000000
77.361735 98.661254 9.000000
77.669516 97.086895 10.000000
77.669516 97.086895 10.000000
79.543747 97.035827 10.000000
81.367612 96.897018 10.000000
83.130321 96.692058 10.000000
84.821081 96.442537 10.000000
86.505792 96.024140 10.000000
88.230874 95.300139 10.000000
89.918948 94.339451 10.000000
91.492199 93.211766 10.000000
92.872808 91.986777 10.000000
93.982959 90.734176 10.000000
94.894428 89.388881 10.000000
95.780228 87.797328 10.000000
96.546985 86.048002 10.000000
97.096374 84.233871 10.000000
97.330067 82.447905 10.000000
97.308242 80.676573 10.000000
97.229450 78.835608 10.000000
97.103394 76.982394 10.000000
96.937881 75.175651 10.000000
96.740720 73.474100 10.000000
96.389041 71.882181 10.000000
95.660737 70.321524 10.000000
94.634518 68.803500 10.000000
93.398196 67.342726 10.000000
92.039584 65.953818 10.000000
90.646497 64.651394 10.000000
89.306746 63.450072 10.000000
87.958545 62.355625 10.000000
86.482890 61.347803 10.000000
84.927235 60.403117 10.000000
83.339430 59.498090 10.000000
81.767232 58.609190 10.000000
80.207446 57.708280 10.000000
78.624776 56.839788 10.000000
77.008202 56.082978 10.000000
75.347022 55.437463 10.000000
73.643366 54.777786 10.000000
71.910002 54.142518 10.000000
70.159894 53.577773 10.000000
68.406006 53.129667 10.000000
66.661304 52.844312 10.000000
64.933796 52.769023 10.000000
63.061882 52.976167 10.000000
61.096595 53.440881 10.000000
59.222441 54.098055 10.000000
57.623923 54.882581 10.000000
56.484627 55.730284 10.000000
55.612207 56.915231 10.000000
54.810448 58.555566 10.000000
54.158387 60.453406 10.000000
53.735061 62.410863 10.000000
53.614099 64.235198 10.000000
53.617042 65.998814 10.000000
53.624359 67.790680 10.000000
53.636025 69.598719 10.000000
53.652019 71.410855 10.000000
53.672316 73.215013 10.000000
53.698291 74.999799 10.000000
53.837319 76.802994 10.000000
54.130566 78.621950 10.000000
54.541220 80.414378 10.000000
55.032474 82.137989 10.000000
55.570986 83.751953 10.000000
56.329916 85.308031 10.000000
57.359801 86.824312 10.000000
58.572969 88.264162 10.000000
59.881748 89.590943 10.000000
61.198472 90.768026 10.000000
62.559230 91.863553 10.000000
64.037099 92.935457 10.000000
65.604596 93.936206 10.000000
67.234240 94.818269 10.000000
68.898552 95.534116 10.000000
70.570169 96.036585 10.000000
72.270333 96.419248 10.000000
74.025207 96.751412 10.000000
75.827399 96.988740 10.000000
77.669516 97.086895 10.000000
79.349324 96.047920 11.000000
79.349324 96.047920 11.000000
81.063360 95.952943 11.000000
82.720831 95.700874 11.000000
84.310243 95.341000 11.000000
85.820100 94.922608 11.000000
87.285503 94.390816 11.000000
88.758953 93.606013 11.000000
90.189432 92.624005 11.000000
91.523710 91.505134 11.000000
92.708560 90.309738 11.000000
93.690752 89.098160 11.000000
94.569584 87.808900 11.000000
95.439355 86.359328 11.000000
96.205042 84.804149 11.000000
96.771418 83.198226 11.000000
97.043256 81.596421 11.000000
97.033552 79.994547 11.000000
96.950558 78.316416 11.000000
96.813352 76.620187 11.000000
96.632125 74.969459 11.000000
96.417063 73.427835 11.000000
96.039358 71.999625 11.000000
95.308534 70.612358 11.000000
94.306371 69.271719 11.000000
93.119493 67.985112 11.000000
91.834525 66.759941 11.000000
90.538094 65.603610 11.000000
89.314581 64.523123 11.000000
88.083278 63.497888 11.000000
86.776414 62.515682 11.000000
85.409691 61.580371 11.000000
83.998814 60.695820 11.000000
82.559485 59.865895 11.000000
81.107408 59.094462 11.000000
79.643496 58.387785 11.000000
78.123829 57.761987 11.000000
76.581938 57.211926 11.000000
75.020945 56.636072 11.000000
73.442622 56.052636 11.000000
71.854491 55.515052 11.000000
70.264077 55.076751 11.000000
68.678904 54.791166 11.000000
67.102195 54.712144 11.000000
65.374135 54.888890 11.000000
63.545117 55.291064 11.000000
61.800777 55.864776 11.000000
60.326754 56.556135 11.000000
59.308685 57.311250 11.000000
58.606628 58.373644 11.000000
57.971836 59.903129 11.000000
57.462148 61.682642 11.000000
57.135517 63.494998 11.000000
57.053424 65.128720 11.000000
57.361473 66.638695 11.000000
58.007290 68.124929 11.000000
58.847288 69.601701 11.000000
59.737880 71.083292 11.000000
60.535480 72.583981 11.000000
61.097108 74.118042 11.000000
61.470522 75.693001 11.000000
61.783614 77.297895 11.000000
62.066263 78.918749 11.000000
62.348345 80.541585 11.000000
62.659237 82.153268 11.000000
62.961551 83.838071 11.000000
63.247473 85.582251 11.000000
63.560623 87.275826 11.000000
63.944619 88.808812 11.000000
64.447229 90.075931 11.000000
65.292817 91.224310 11.000000
66.509305 92.332803 11.000000
67.984681 93.349474 11.000000
69.606932 94.222387 11.000000
71.264046 94.899605 11.000000
72.844011 95.329191 11.000000
74.381308 95.601674 11.000000
75.984981 95.830933 11.000000
77.644503 95.989009 11.000000
79.349324 96.047920 11.000000
79.450357 93.648148 12.000000
79.450357 93.648148 12.000000
81.134492 93.614366 12.000000
82.741117 93.518915 12.000000
84.256394 93.370641 12.000000
85.666482 93.178386 12.000000
86.957625 92.950673 12.000000
88.183245 92.446569 12.000000
89.373650 91.536497 12.000000
90.494201 90.343554 12.000000
91.510260 88.990837 12.000000
92.387187 87.601442 12.000000
93.092459 86.294540 12.000000
93.705279 84.967102 12.000000
94.264166 83.547597 12.000000
94.746028 82.070888 12.000000
95.127770 80.571838 12.000000
95.386363 79.085178 12.000000
95.573571 77.511096 12.000000
95.739214 75.840353 12.000000
95.869465 74.218070 12.000000
95.950497 72.789367 12.000000
95.945638 71.691856 12.000000
95.364052 70.842324 12.000000
94.174333 70.128113 12.000000
92.593142 69.491339 12.000000
90.837144 68.874117 12.000000
89.123000 68.218564 12.000000
87.667374 67.466796 12.000000
86.449053 66.602522 12.000000
85.267164 65.667258 12.000000
84.112188 64.683641 12.000000
82.974865 63.674271 12.000000
81.845932 62.661747 12.000000
80.735594 61.618065 12.000000
79.674988 60.461963 12.000000
78.622405 59.302795 12.000000
77.531696 58.261501 12.000000
76.356709 57.459021 12.000000
75.056782 56.842192 12.000000
73.645887 56.246592 12.000000
72.163593 55.712251 12.000000
70.649519 55.280447 12.000000
69.143285 54.992460 12.000000
67.684449 54.889582 12.000000
66.077551 55.053621 12.000000
64.296472 55.488142 12.000000
62.610978 56.122242 12.000000
61.290834 56.885023 12.000000
60.605804 57.705584 12.000000
60.403211 58.754719 12.000000
60.239658 60.206946 12.000000
60.118126 61.882749 12.000000
60.043658 63.601229 12.000000
60.021690 65.182824 12.000000
60.103652 66.658369 12.000000
60.310095 68.126569 12.000000
60.622609 69.588072 12.000000
61.022785 71.043529 12.000000
61.492213 72.493588 12.000000
62.012483 73.938900 12.000000
62.565186 75.380113 12.000000
63.131912 76.817877 12.000000
63.694252 78.252843 12.000000
64.233795 79.685659 12.000000
64.732143 81.117068 12.000000
65.188680 82.603794 12.000000
65.639748 84.137185 12.000000
66.123954 85.634328 12.000000
66.679909 87.012311 12.000000
67.346341 88.188443 12.000000
68.233982 89.253245 12.000000
69.367734 90.292558 12.000000
70.676121 91.250849 12.000000
72.087670 92.072586 12.000000
73.530907 92.702234 12.000000
74.937725 93.089146 12.000000
76.376783 93.364086 12.000000
77.887689 93.568228 12.000000
79.450357 93.648148 12.000000
79.456189 91.181325 13.000000
80.760962 90.979470 13.000000
82.017497 90.690140 13.000000
83.219607 90.337949 13.000000
84.361102 89.947514 13.000000
85.466452 89.502382 13.000000
86.613887 88.887946 13.000000
87.757472 88.125407 13.000000
88.841041 87.248467 13.000000
89.808428 86.290826 13.000000
90.603465 85.286187 13.000000
91.169987 84.268249 13.000000
91.564102 83.190125 13.000000
91.923606 81.972722 13.000000
92.219836 80.675018 13.000000
92.421874 79.357733 13.000000
92.498804 78.081583 13.000000
92.407521 76.836808 13.000000
92.152212 75.579427 13.000000
91.776775 74.329087 13.000000
91.325126 73.105482 13.000000
90.841179 71.928303 13.000000
90.337570 70.812576 13.000000
89.693835 69.742640 13.000000
88.934389 68.708600 13.000000
88.108301 67.703223 13.000000
87.264639 66.719276 13.000000
86.446219 65.745448 13.000000
85.625731 64.751134 13.000000
84.783543 63.760221 13.000000
83.910373 62.808162 13.000000
82.996938 61.930407 13.000000
82.033954 61.162410 13.000000
80.999217 60.490015 13.000000
79.884589 59.861499 13.000000
78.716291 59.293976 13.000000
77.520856 58.805395 13.000000
76.324337 58.412930 13.000000
75.104525 58.058975 13.000000
73.849142 57.713769 13.000000
72.575780 57.398404 13.000000
71.302029 57.133971 13.000000
70.045481 56.941561 13.000000
68.823726 56.842266 13.000000
67.579889 56.923834 13.000000
66.180655 57.389810 13.000000
64.930251 58.111176 13.000000
64.170513 58.927968 13.000000
63.913403 59.867509 13.000000
63.716886 61.109705 13.000000
63.580462 62.502964 13.000000
63.514505 63.888708 13.000000
63.510836 65.168356 13.000000
63.515347 66.446813 13.000000
63.523712 67.729125 13.000000
63.535932 69.008509 13.000000
63.552007 70.278180 13.000000
63.571935 71.531355 13.000000
63.639518 72.768692 13.000000
63.907951 74.009157 13.000000
64.336808 75.238430 13.000000
64.864731 76.438622 13.000000
65.430364 77.591839 13.000000
66.002532 78.680719 13.000000
66.706992 79.705885 13.000000
67.519310 80.689243 13.000000
68.383802 81.653893 13.000000
69.244781 82.622931 13.000000
70.046679 83.619725 13.000000
70.771412 84.693791 13.000000
71.458361 85.823780 13.000000
72.146193 86.944091 13.000000
72.873575 87.989123 13.000000
73.679174 88.893272 13.000000
74.604762 89.623294 13.000000
75.671337 90.266544 13.000000
76.850176 90.820761 13.000000
78.109368 91.271088 13.000000
78.109368 91.271088 13.000000
79.456189 91.181325 13.000000
80.272086 86.568376 14.000000
81.338575 86.568376 14.000000
82.383366 86.568376 14.000000
83.406442 86.568376 14.000000
84.424361 86.443337 14.000000
85.442262 86.052274 14.000000
86.423808 85.494952 14.000000
87.332204 84.874101 14.000000
88.157188 84.267783 14.000000
89.036082 83.572662 14.000000
89.922416 82.781446 14.000000
90.729111 81.918396 14.000000
91.369088 81.007776 14.000000
91.755269 80.073845 14.000000
91.828349 79.132273 14.000000
91.819631 78.119255 14.000000
91.801364 77.040800 14.000000
91.774024 75.927292 14.000000
91.738085 74.809116 14.000000
91.694019 73.716658 14.000000
91.642302 72.680303 14.000000
91.518125 71.707070 14.000000
91.173154 70.752192 14.000000
90.648480 69.816982 14.000000
89.995259 68.905795 14.000000
89.264650 68.022989 14.000000
88.507810 67.172920 14.000000
87.775896 66.359946 14.000000
87.077338 65.559760 14.000000
86.324773 64.738864 14.000000
85.518331 63.977828 14.000000
84.664121 63.362711 14.000000
83.762828 62.959820 14.000000
82.781151 62.651299 14.000000
81.736608 62.393700 14.000000
80.659089 62.178189 14.000000
79.578482 61.995931 14.000000
78.521303 61.836447 14.000000
77.467780 61.678092 14.000000
76.409466 61.528419 14.000000
75.348070 61.402625 14.000000
74.285301 61.315911 14.000000
73.222867 61.283476 14.000000
72.126055 61.292311 14.000000
70.993734 61.318318 14.000000
69.878871 61.360567 14.000000
68.834435 61.418133 14.000000
67.912864 61.490900 14.000000
66.991908 61.844063 14.000000
66.047874 62.581367 14.000000
65.226392 63.544372 14.000000
64.673095 64.574636 14.000000
64.528099 65.522230 14.000000
64.715897 66.500200 14.000000
65.090801 67.544422 14.000000
65.557335 68.583896 14.000000
66.024990 69.548745 14.000000
66.586171 70.432289 14.000000
67.259715 71.272071 14.000000
67.975684 72.095767 14.000000
68.664136 72.931055 14.000000
69.255133 73.805612 14.000000
69.712749 74.741473 14.000000
70.100493 75.727324 14.000000
70.452539 76.741139 14.000000
70.800562 77.760984 14.000000
71.176238 78.764926 14.000000
71.603409 79.742121 14.000000
72.056890 80.733838 14.000000
72.550201 81.697824 14.000000
73.106698 82.575602 14.000000
73.744465 83.355576 14.000000
74.462122 84.099185 14.000000
75.256727 84.800437 14.000000
76.125464 85.451164 14.000000
77.065519 86.043199 14.000000
78.074074 86.568376 14.000000
78.074074 86.568376 14.000000
79.183914 86.568376 14.000000
80.272086 86.568376 14.000000
78.756292 82.624863 15.000000
79.449472 82.973438 15.000000
80.162573 83.136106 15.000000
80.902212 83.201750 15.000000
81.672282 83.255969 15.000000
82.470520 83.296947 15.000000
83.294664 83.322865 15.000000
84.142450 83.331909 15.000000
84.142450 83.331909 15.000000
84.745296 82.682893 15.000000
85.320705 82.021545 15.000000
85.845473 81.347698 15.000000
86.296393 80.661182 15.000000
86.650261 79.961830 15.000000
86.883871 79.249474 15.000000
86.974018 78.523946 15.000000
86.964627 77.770129 15.000000
86.933641 76.976619 15.000000
86.882809 76.155741 15.000000
86.813583 75.319899 15.000000
86.727417 74.481499 15.000000
86.625764 73.652944 15.000000
86.510077 72.846638 15.000000
86.381810 72.074985 15.000000
86.242416 71.350390 15.000000
86.076350 70.676981 15.000000
85.780463 70.011030 15.000000
85.357472 69.351879 15.000000
84.831951 68.708855 15.000000
84.228473 68.091282 15.000000
83.571611 67.508488 15.000000
82.885940 66.969797 15.000000
82.196031 66.484536 15.000000
81.526460 66.062031 15.000000
80.879051 65.691870 15.000000
80.195639 65.319887 15.000000
79.477551 64.952870 15.000000
78.731593 64.602696 15.000000
77.964569 64.281242 15.000000
77.183282 64.000385 15.000000
76.394537 63.772000 15.000000
75.605138 63.607965 15.000000
74.821890 63.520156 15.000000
74.043297 63.514135 15.000000
73.232380 63.557011 15.000000
72.403983 63.637437 15.000000
71.582117 63.749754 15.000000
70.790791 63.888301 15.000000
70.054016 64.047419 15.000000
69.357590 64.259851 15.000000
68.594440 64.655954 15.000000
67.829699 65.198463 15.000000
67.146923 65.831860 15.000000
66.629666 66.500632 15.000000
66.361483 67.149262 15.000000
66.377341 67.752416 15.000000
66.553231 68.376239 15.000000
66.856027 69.022262 15.000000
67.262853 69.685359 15.000000
67.750832 70.360402 15.000000
68.297089 71.042264 15.000000
68.878748 71.725817 15.000000
69.472933 72.405935 15.000000
70.056767 73.077489 15.000000
70.607375 73.735353 15.000000
71.103879 74.375270 15.000000
71.580823 75.014631 15.000000
72.060144 75.658825 15.000000
72.543848 76.303561 15.000000
73.033941 76.944545 15.000000
73.532426 77.577485 15.000000
74.041310 78.198089 15.000000
74.562598 78.802064 15.000000
75.098293 79.385117 15.000000
75.650403 79.942957 15.000000
76.220931 80.471289 15.000000
76.815299 81.012741 15.000000
77.437267 81.589041 15.000000
78.084911 82.144906 15.000000
78.756292 82.624863 15.000000
80.387001 82.208939 16.000000
80.956550 82.469562 16.000000
81.505752 82.685909 16.000000
82.000032 82.841738 16.000000
82.404821 82.920804 16.000000
82.713566 82.906088 16.000000
83.007879 82.787488 16.000000
83.292569 82.568257 16.000000
83.563685 82.252365 16.000000
83.817272 81.843782 16.000000
84.049377 81.346478 16.000000
84.256045 80.764423 16.000000
84.433324 80.101587 16.000000
84.577260 79.361940 16.000000
84.683899 78.549451 16.000000
84.749288 77.668091 16.000000
84.749288 77.668091 16.000000
84.640647 77.119127 16.000000
84.516426 76.576606 16.000000
84.377524 76.040838 16.000000
84.224843 75.512133 16.000000
84.059282 74.990801 16.000000
83.881742 74.477152 16.000000
83.693124 73.971496 16.000000
83.494328 73.474143 16.000000
83.286255 72.985403 16.000000
83.069804 72.505586 16.000000
82.845877 72.035002 16.000000
82.615374 71.573961 16.000000
82.373782 71.113110 16.000000
82.101952 70.618998 16.000000
81.801564 70.097891 16.000000
81.476561 69.560213 16.000000
81.130887 69.016387 16.000000
80.768486 68.476838 16.000000
80.393300 67.951989 16.000000
80.009273 67.452265 16.000000
79.620348 66.988089 16.000000
79.230470 66.569885 16.000000
78.843580 66.208079 16.000000
78.463623 65.913092 16.000000
78.094542 65.695350 16.000000
77.740280 65.565276 16.000000
77.403352 65.534439 16.000000
77.039958 65.645879 16.000000
76.641617 65.898823 16.000000
76.227083 66.268097 16.000000
75.815110 66.728532 16.000000
75.424452 67.254954 16.000000
75.073863 67.822194 16.000000
74.782096 68.405077 16.000000
74.567905 68.978435 16.000000
74.450045 69.517094 16.000000
74.435767 70.007187 16.000000
74.458711 70.507269 16.000000
74.503144 71.026254 16.000000
74.566806 71.559818 16.000000
74.647439 72.103642 16.000000
74.742784 72.653404 16.000000
74.850582 73.204782 16.000000
74.968573 73.753455 16.000000
75.094500 74.295102 16.000000
75.226103 74.825401 16.000000
75.361124 75.340031 16.000000
75.499761 75.837652 16.000000
75.663809 76.342759 16.000000
75.857111 76.857365 16.000000
76.077407 77.376006 16.000000
76.322437 77.893218 16.000000
76.589940 78.403537 16.000000
76.877656 78.901498 16.000000
77.183325 79.381638 16.000000
77.504685 79.838491 16.000000
77.839476 80.266595 16.000000
78.185438 80.660484 16.000000
78.540311 81.014696 16.000000
78.901985 81.323858 16.000000
79.325146 81.619844 16.000000
79.831675 81.920286 16.000000
80.387001 82.208939 16.000000
