81.133565 94.840846 4.000000
81.133565 94.840846 4.000000
82.480277 94.767945 4.000000
83.773153 94.575063 4.000000
84.998083 94.300929 4.000000
86.141355 93.983395 4.000000
87.256826 93.504098 4.000000
88.361547 92.801334 4.000000
89.414539 91.936184 4.000000
90.374824 90.969728 4.000000
91.201424 89.963045 4.000000
91.862173 88.968304 4.000000
92.467843 87.886151 4.000000
93.028561 86.702830 4.000000
93.498327 85.459190 4.000000
93.831137 84.196083 4.000000
93.986530 82.951803 4.000000
94.070536 81.695602 4.000000
94.136488 80.417214 4.000000
94.179893 79.132468 4.000000
94.196254 77.857190 4.000000
94.158585 76.570200 4.000000
94.045652 75.250940 4.000000
93.868221 73.926508 4.000000
93.637110 72.624081 4.000000
93.363133 71.370835 4.000000
93.057109 70.193943 4.000000
92.723110 69.113956 4.000000
92.217644 68.007015 4.000000
91.508823 66.860590 4.000000
90.636355 65.732761 4.000000
89.639948 64.681610 4.000000
88.559310 63.765217 4.000000
87.434147 63.041665 4.000000
86.304168 62.569035 4.000000
85.183825 62.378359 4.000000
83.917985 62.268729 4.000000
82.595007 62.205931 4.000000
81.332997 62.229071 4.000000
80.079308 62.406383 4.000000
78.829306 62.713381 4.000000
77.591210 63.115752 4.000000
76.373239 63.579183 4.000000
75.183613 64.069358 4.000000
74.030058 64.554238 4.000000
72.898800 65.106903 4.000000
71.788938 65.757731 4.000000
70.712465 66.480503 4.000000
69.681373 67.249002 4.000000
68.701791 68.038949 4.000000
67.676389 68.874259 4.000000
66.645202 69.768416 4.000000
65.712250 70.718880 4.000000
64.981549 71.723112 4.000000
64.544191 72.781676 4.000000
64.222483 73.943980 4.000000
63.937880 75.197706 4.000000
63.704248 76.503024 4.000000
63.535452 77.820103 4.000000
63.445361 79.109113 4.000000
63.472450 80.348100 4.000000
63.734105 81.598555 4.000000
64.181817 82.840688 4.000000
64.742610 84.039559 4.000000
65.343508 85.160226 4.000000
65.976766 86.187559 4.000000
66.775673 87.162419 4.000000
67.697713 88.086442 4.000000
68.687010 88.957663 4.000000
69.687690 89.774116 4.000000
70.676847 90.558797 4.000000
71.704354 91.350932 4.000000
72.769072 92.115059 4.000000
73.866914 92.812731 4.000000
74.993798 93.405502 4.000000
76.145637 93.854926 4.000000
77.330774 94.191895 4.000000
78.561581 94.485911 4.000000
79.831437 94.711123 4.000000
81.133565 94.840846 4.000000
82.310492 96.717121 5.000000
82.310492 96.717121 5.000000
83.860706 96.581818 5.000000
85.318904 96.279060 5.000000
86.659800 95.847793 5.000000
87.858108 95.326962 5.000000
88.888543 94.755513 5.000000
89.771139 94.031625 5.000000
90.568897 93.015365 5.000000
91.292411 91.793234 5.000000
91.951718 90.453743 5.000000
92.556854 89.085408 5.000000
93.117857 87.776742 5.000000
93.687461 86.530424 5.000000
94.282480 85.256528 5.000000
94.817275 83.959853 5.000000
95.205371 82.646325 5.000000
95.360294 81.321868 5.000000
95.352661 79.970161 5.000000
95.329316 78.585419 5.000000
95.291838 77.194060 5.000000
95.241672 75.822525 5.000000
95.179819 74.497164 5.000000
94.951585 73.206521 5.000000
94.480120 71.932340 5.000000
93.836294 70.681226 5.000000
93.090977 69.459784 5.000000
92.315038 68.274622 5.000000
91.576310 67.128661 5.000000
90.819581 65.923176 5.000000
89.995728 64.698433 5.000000
89.101829 63.572646 5.000000
88.134961 62.664028 5.000000
87.086513 62.075078 5.000000
85.869200 61.608940 5.000000
84.514348 61.201261 5.000000
83.100689 60.891850 5.000000
81.706955 60.720514 5.000000
80.387812 60.736873 5.000000
79.067979 60.995506 5.000000
77.749245 61.448351 5.000000
76.450898 62.035550 5.000000
75.192227 62.697243 5.000000
73.992519 63.373572 5.000000
72.859897 64.054261 5.000000
71.767920 64.863986 5.000000
70.718976 65.777591 5.000000
69.718636 66.754896 5.000000
68.772474 67.755724 5.000000
67.842629 68.762167 5.000000
66.864949 69.814055 5.000000
65.937475 70.912738 5.000000
65.166426 72.056586 5.000000
64.658020 73.243966 5.000000
64.382644 74.491121 5.000000
64.141257 75.815399 5.000000
63.937561 77.190986 5.000000
63.780306 78.591222 5.000000
63.678243 79.989451 5.000000
63.640123 81.359014 5.000000
63.720864 82.721488 5.000000
63.952889 84.102338 5.000000
64.296178 85.466902 5.000000
64.710591 86.780414 5.000000
65.156970 88.008434 5.000000
65.754925 89.175213 5.000000
66.559086 90.302334 5.000000
67.498544 91.373427 5.000000
68.502393 92.372122 5.000000
69.502557 93.286204 5.000000
70.553559 94.230604 5.000000
71.686239 95.136632 5.000000
72.877165 95.830524 5.000000
74.103580 96.152389 5.000000
75.365131 96.317473 5.000000
76.667776 96.456564 5.000000
78.012575 96.567867 5.000000
79.400587 96.649590 5.000000
80.832873 96.699940 5.000000
82.310492 96.717121 5.000000
82.971578 98.207372 6.000000
82.971578 98.207372 6.000000
84.366345 97.955911 6.000000
85.703197 97.591585 6.000000
86.972926 97.135485 6.000000
88.166324 96.608698 6.000000
89.274403 96.032085 6.000000
90.370538 95.333478 6.000000
91.474525 94.470354 6.000000
92.521633 93.482340 6.000000
93.447132 92.409060 6.000000
94.186293 91.290138 6.000000
94.678428 90.162836 6.000000
95.057485 88.956209 6.000000
95.395472 87.651795 6.000000
95.664443 86.292441 6.000000
95.836456 84.920997 6.000000
95.885551 83.578920 6.000000
95.884392 82.237401 6.000000
95.881540 80.881449 6.000000
95.877063 79.529550 6.000000
95.871027 78.200190 6.000000
95.860981 76.911262 6.000000
95.666094 75.635548 6.000000
95.223370 74.363792 6.000000
94.600958 73.115731 6.000000
93.867011 71.911099 6.000000
93.089678 70.769631 6.000000
92.334485 69.709673 6.000000
91.510391 68.677262 6.000000
90.566379 67.671247 6.000000
89.535082 66.740553 6.000000
88.449136 65.934104 6.000000
87.338519 65.295977 6.000000
86.145906 64.709656 6.000000
84.869091 64.155393 6.000000
83.553257 63.699247 6.000000
82.243586 63.407280 6.000000
80.980826 63.346483 6.000000
79.715556 63.566522 6.000000
78.440336 64.020245 6.000000
77.181110 64.641082 6.000000
75.963820 65.362457 6.000000
74.814410 66.117801 6.000000
73.756587 66.853245 6.000000
72.772111 67.699003 6.000000
71.841968 68.668874 6.000000
70.955598 69.713420 6.000000
70.102438 70.783209 6.000000
69.267960 71.831600 6.000000
68.387963 72.878971 6.000000
67.503064 73.948751 6.000000
66.691774 75.048382 6.000000
66.032609 76.185302 6.000000
65.596042 77.367830 6.000000
65.249947 78.617208 6.000000
64.934230 79.923465 6.000000
64.666294 81.264672 6.000000
64.463543 82.618897 6.000000
64.343384 83.964211 6.000000
64.325964 85.285343 6.000000
64.455256 86.648319 6.000000
64.717007 88.029964 6.000000
65.079566 89.371401 6.000000
65.511281 90.613750 6.000000
65.997408 91.704325 6.000000
66.778679 92.705191 6.000000
67.829701 93.630540 6.000000
69.002308 94.456290 6.000000
70.149870 95.159456 6.000000
71.297067 95.816237 6.000000
72.505427 96.453003 6.000000
73.757859 97.024588 6.000000
75.037270 97.485827 6.000000
76.326568 97.791557 6.000000
77.615848 97.934607 6.000000
78.924616 98.044337 6.000000
80.254386 98.130643 6.000000
81.603821 98.187123 6.000000
82.971578 98.207372 6.000000
82.327033 97.114145 7.000000
82.327033 97.114145 7.000000
83.767045 96.953375 7.000000
85.145366 96.655962 7.000000
86.446485 96.259555 7.000000
87.654893 95.801803 7.000000
88.796279 95.225766 7.000000
89.913283 94.431495 7.000000
90.979727 93.474164 7.000000
91.968608 92.410820 7.000000
92.852924 91.298511 7.000000
93.605787 90.194186 7.000000
94.306141 89.052034 7.000000
94.990989 87.819842 7.000000
95.590810 86.527413 7.000000
96.036084 85.204546 7.000000
96.257291 83.881044 7.000000
96.324533 82.541164 7.000000
96.379137 81.159150 7.000000
96.420140 79.763230 7.000000
96.446264 78.381738 7.000000
96.456233 77.043012 7.000000
96.320346 75.740055 7.000000
95.908644 74.444061 7.000000
95.296730 73.169037 7.000000
94.561375 71.929270 7.000000
93.779348 70.739045 7.000000
93.026381 69.612382 7.000000
92.230972 68.528180 7.000000
91.330367 67.477277 7.000000
90.352428 66.475905 7.000000
89.325019 65.540303 7.000000
88.275955 64.686563 7.000000
87.183697 63.808301 7.000000
86.026683 62.892171 7.000000
84.824231 62.068647 7.000000
83.595658 61.468201 7.000000
82.360283 61.221304 7.000000
81.090017 61.327885 7.000000
79.759260 61.643006 7.000000
78.408732 62.115639 7.000000
77.079318 62.695107 7.000000
75.811906 63.330729 7.000000
74.647294 63.972125 7.000000
73.573996 64.717235 7.000000
72.556516 65.632058 7.000000
71.588849 66.655217 7.000000
70.664989 67.725336 7.000000
69.778743 68.781202 7.000000
68.873510 69.830602 7.000000
67.957191 70.912860 7.000000
67.101714 72.030671 7.000000
66.379011 73.186729 7.000000
65.860957 74.383736 7.000000
65.469766 75.640622 7.000000
65.103878 76.959336 7.000000
64.783930 78.319341 7.000000
64.530562 79.700101 7.000000
64.364412 81.081081 7.000000
64.306123 82.441760 7.000000
64.376678 83.801823 7.000000
64.562794 85.176934 7.000000
64.834710 86.545040 7.000000
65.162667 87.884091 7.000000
65.516913 89.172049 7.000000
65.962482 90.500349 7.000000
66.561152 91.886783 7.000000
67.283412 93.205928 7.000000
68.099753 94.332360 7.000000
68.980665 95.140658 7.000000
69.981257 95.677376 7.000000
71.196345 96.171656 7.000000
72.560140 96.602147 7.000000
74.004102 96.942578 7.000000
75.459693 97.166673 7.000000
76.858372 97.248159 7.000000
78.210419 97.246111 7.000000
79.573328 97.231519 7.000000
80.945924 97.191745 7.000000
82.327033 97.114145 7.000000
82.648426 96.499563 8.000000
82.648426 96.499563 8.000000
84.029834 96.228222 8.000000
85.351026 95.846708 8.000000
86.608902 95.373625 8.000000
87.800360 94.827577 8.000000
88.922298 94.227166 8.000000
89.981240 93.573605 8.000000
91.031656 92.758435 8.000000
92.034871 91.800862 8.000000
92.932823 90.751520 8.000000
93.667450 89.661043 8.000000
94.242494 88.544981 8.000000
94.797553 87.334038 8.000000
95.289231 86.054252 8.000000
95.659296 84.739785 8.000000
95.849516 83.424798 8.000000
95.862057 82.122371 8.000000
95.857791 80.792836 8.000000
95.850074 79.450940 8.000000
95.839083 78.116129 8.000000
95.824995 76.807849 8.000000
95.743655 75.521212 8.000000
95.445262 74.215330 8.000000
94.971805 72.918245 8.000000
94.375975 71.661949 8.000000
93.710462 70.478435 8.000000
93.027956 69.399695 8.000000
92.274574 68.407267 8.000000
91.339486 67.452806 8.000000
90.278469 66.564812 8.000000
89.149280 65.772716 8.000000
88.009680 65.105947 8.000000
86.850856 64.511370 8.000000
85.614958 63.920066 8.000000
84.335382 63.407028 8.000000
83.046568 63.048700 8.000000
81.782854 62.921508 8.000000
80.523167 63.065137 8.000000
79.247042 63.428369 8.000000
77.976894 63.948397 8.000000
76.735143 64.562411 8.000000
75.544205 65.207601 8.000000
74.421259 65.840185 8.000000
73.337633 66.574885 8.000000
72.291331 67.414886 8.000000
71.290407 68.325491 8.000000
70.342913 69.271999 8.000000
69.446633 70.226680 8.000000
68.538384 71.224834 8.000000
67.655733 72.273024 8.000000
66.859835 73.365529 8.000000
66.211841 74.496630 8.000000
65.749476 75.664991 8.000000
65.333497 76.895744 8.000000
64.949918 78.178734 8.000000
64.623646 79.495472 8.000000
64.379584 80.827465 8.000000
64.242640 82.156222 8.000000
64.225050 83.475919 8.000000
64.252156 84.845904 8.000000
64.305703 86.232649 8.000000
64.383738 87.583342 8.000000
64.484310 88.845171 8.000000
64.663450 89.988708 8.000000
65.267326 91.118587 8.000000
66.218388 92.197017 8.000000
67.353026 93.153803 8.000000
68.507627 93.918748 8.000000
69.594576 94.480900 8.000000
70.778514 95.000539 8.000000
72.047783 95.470538 8.000000
73.369849 95.866286 8.000000
74.712175 96.163167 8.000000
76.042225 96.336569 8.000000
77.344098 96.395996 8.000000
78.654244 96.438777 8.000000
79.975518 96.471423 8.000000
81.307164 96.492247 8.000000
82.648426 96.499563 8.000000
81.932933 96.022740 9.000000
83.209112 95.668390 9.000000
84.456978 95.259031 9.000000
85.674412 94.803132 9.000000
86.859295 94.309163 9.000000
88.052349 93.761870 9.000000
89.270424 93.140022 9.000000
90.464311 92.448305 9.000000
91.584733 91.691438 9.000000
92.582412 90.874142 9.000000
93.408386 90.000985 9.000000
94.167194 89.009160 9.000000
94.919513 87.876037 9.000000
95.589543 86.648038 9.000000
96.101484 85.371585 9.000000
96.379536 84.093100 9.000000
96.401515 82.835138 9.000000
96.359854 81.531347 9.000000
96.284197 80.196631 9.000000
96.179017 78.857559 9.000000
96.048785 77.540701 9.000000
95.897971 76.272628 9.000000
95.648621 75.040058 9.000000
95.186627 73.801141 9.000000
94.560968 72.584505 9.000000
93.823574 71.420127 9.000000
93.026371 70.337979 9.000000
92.221155 69.367966 9.000000
91.336089 68.471755 9.000000
90.311234 67.619598 9.000000
89.193534 66.841638 9.000000
88.029931 66.168021 9.000000
86.865575 65.625905 9.000000
85.664044 65.122760 9.000000
84.409580 64.646454 9.000000
83.125265 64.257485 9.000000
81.834182 64.016353 9.000000
80.552797 63.974552 9.000000
79.231532 64.064676 9.000000
77.883797 64.245760 9.000000
76.545823 64.501313 9.000000
75.253841 64.814844 9.000000
74.044079 65.169861 9.000000
72.938389 65.599037 9.000000
71.887598 66.307738 9.000000
70.891337 67.232730 9.000000
69.959023 68.270929 9.000000
69.100075 69.319253 9.000000
68.303681 70.331493 9.000000
67.532842 71.404933 9.000000
66.813433 72.531237 9.000000
66.174902 73.693990 9.000000
65.646699 74.876774 9.000000
65.198799 76.080992 9.000000
64.754580 77.325536 9.000000
64.347312 78.599117 9.000000
64.012685 79.889753 9.000000
63.786386 81.185460 9.000000
63.704103 82.474260 9.000000
63.756038 83.793009 9.000000
63.898289 85.149136 9.000000
64.113453 86.489467 9.000000
64.384124 87.760825 9.000000
64.698338 88.912022 9.000000
65.272031 89.989881 9.000000
66.138078 91.017822 9.000000
67.177075 91.971395 9.000000
68.269616 92.826151 9.000000
69.318757 93.571378 9.000000
70.436570 94.287501 9.000000
71.628726 94.921320 9.000000
72.856288 95.385702 9.000000
74.089546 95.645653 9.000000
75.344513 95.861654 9.000000
76.625163 96.045624 9.000000
77.932430 96.188391 9.000000
79.267252 96.280778 9.000000
80.630562 96.313613 9.000000
80.630562 96.313613 9.000000
81.932933 96.022740 9.000000
82.332232 93.649836 10.000000
82.332232 93.649836 10.000000
83.477862 93.353980 10.000000
84.598570 93.001888 10.000000
85.689433 92.599974 10.000000
86.745527 92.154649 10.000000
87.807364 91.657443 10.000000
88.890108 91.097534 10.000000
89.950747 90.477825 10.000000
90.946267 89.801220 10.000000
91.833657 89.070623 10.000000
92.569902 88.288937 10.000000
93.237832 87.401489 10.000000
93.898084 86.382011 10.000000
94.470052 85.278138 10.000000
94.873129 84.137503 10.000000
95.026707 83.007741 10.000000
95.025828 81.869104 10.000000
95.023204 80.688058 10.000000
95.018912 79.493860 10.000000
95.013029 78.315769 10.000000
95.005627 77.183044 10.000000
94.859391 76.079211 10.000000
94.475301 74.978566 10.000000
93.917228 73.898409 10.000000
93.249050 72.856043 10.000000
92.534647 71.868770 10.000000
91.837898 70.953892 10.000000
91.109417 70.077517 10.000000
90.275419 69.220271 10.000000
89.363869 68.421594 10.000000
88.402733 67.720924 10.000000
87.419978 67.157700 10.000000
86.393108 66.667120 10.000000
85.297961 66.192278 10.000000
84.161032 65.786632 10.000000
83.008816 65.503639 10.000000
81.867810 65.396759 10.000000
80.707489 65.441192 10.000000
79.503686 65.568933 10.000000
78.293980 65.770420 10.000000
77.115952 66.036092 10.000000
76.007183 66.356389 10.000000
75.005254 66.721751 10.000000
74.143049 67.424617 10.000000
73.348330 68.359633 10.000000
72.535725 69.203436 10.000000
71.741044 70.065725 10.000000
71.025388 70.970855 10.000000
70.384791 71.931054 10.000000
69.778884 72.934688 10.000000
69.216041 73.970470 10.000000
68.704640 75.027113 10.000000
68.253057 76.093331 10.000000
67.827014 77.172210 10.000000
67.403309 78.271790 10.000000
67.008252 79.387831 10.000000
66.668152 80.516093 10.000000
66.409317 81.652337 10.000000
66.258057 82.792323 10.000000
66.174851 83.994382 10.000000
66.103567 85.263232 10.000000
66.048169 86.511043 10.000000
66.012628 87.649984 10.000000
66.001983 88.592567 10.000000
66.371482 89.390721 10.000000
67.258292 90.122829 10.000000
68.450932 90.776841 10.000000
69.737921 91.340707 10.000000
70.907779 91.802377 10.000000
71.972615 92.209133 10.000000
73.077460 92.600787 10.000000
74.211139 92.954385 10.000000
75.362482 93.246968 10.000000
76.520314 93.455581 10.000000
77.673463 93.557269 10.000000
78.825470 93.594559 10.000000
79.986627 93.623843 10.000000
81.155894 93.642981 10.000000
82.332232 93.649836 10.000000
81.756004 92.446234 11.000000
82.844821 92.404615 11.000000
83.920151 92.234963 11.000000
84.976904 91.971106 11.000000
86.011585 91.630762 11.000000
87.018860 91.216290 11.000000
87.993413 90.729830 11.000000
88.930074 90.173891 11.000000
89.824411 89.551935 11.000000
90.655675 88.848250 11.000000
91.426340 88.078671 11.000000
92.156734 87.270594 11.000000
92.845316 86.426610 11.000000
93.491908 85.549032 11.000000
93.997183 84.583294 11.000000
94.242896 83.523411 11.000000
94.417609 82.448335 11.000000
94.522859 81.364166 11.000000
94.560151 80.197861 11.000000
94.364096 79.126422 11.000000
94.161304 78.056238 11.000000
93.953011 76.987111 11.000000
93.740457 75.918823 11.000000
93.527934 74.850555 11.000000
93.128763 73.838025 11.000000
92.529276 72.927817 11.000000
91.839029 72.084808 11.000000
91.125667 71.261657 11.000000
90.450542 70.406547 11.000000
89.647662 69.671486 11.000000
88.717265 69.104600 11.000000
87.736361 68.630791 11.000000
86.731154 68.211335 11.000000
85.719512 67.807609 11.000000
84.706943 67.406128 11.000000
83.680652 67.040829 11.000000
82.630297 66.751253 11.000000
81.553533 66.585369 11.000000
80.464586 66.568795 11.000000
79.380150 66.668352 11.000000
78.306268 66.851278 11.000000
77.259160 67.150818 11.000000
76.246940 67.553042 11.000000
75.279462 68.053405 11.000000
74.366212 68.647007 11.000000
73.516144 69.328023 11.000000
72.737752 70.089885 11.000000
72.032022 70.919358 11.000000
71.336815 71.757877 11.000000
70.641216 72.596067 11.000000
69.950230 73.438066 11.000000
69.269239 74.288170 11.000000
68.603820 75.150520 11.000000
67.960240 76.029268 11.000000
67.318796 76.909981 11.000000
66.782168 77.857761 11.000000
66.368877 78.865306 11.000000
65.988075 79.885849 11.000000
65.651573 80.921910 11.000000
65.376098 81.975955 11.000000
65.183000 83.048588 11.000000
65.131903 84.140170 11.000000
65.647661 85.086360 11.000000
66.339082 85.928013 11.000000
67.113270 86.694100 11.000000
67.924653 87.420739 11.000000
68.738753 88.144481 11.000000
69.521610 88.901740 11.000000
70.320480 89.642347 11.000000
71.159468 90.343143 11.000000
72.167380 90.746667 11.000000
73.222132 91.017907 11.000000
74.287158 91.246332 11.000000
75.344743 91.507110 11.000000
76.388692 91.817572 11.000000
77.433431 92.126270 11.000000
78.493902 92.378203 11.000000
79.577998 92.480978 11.000000
80.667060 92.471591 11.000000
81.756004 92.446234 11.000000
81.904443 88.307349 12.000000
82.665719 88.178728 12.000000
83.437301 88.009463 12.000000
84.219665 87.793974 12.000000
85.013290 87.526680 12.000000
85.013290 87.526680 12.000000
85.766745 87.183158 12.000000
86.476576 86.794482 12.000000
87.137016 86.365125 12.000000
87.742297 85.899560 12.000000
88.286653 85.402262 12.000000
88.764315 84.877703 12.000000
89.174173 84.327262 12.000000
89.578394 83.709324 12.000000
89.968633 83.027050 12.000000
90.306561 82.303259 12.000000
90.553847 81.560772 12.000000
90.672162 80.822408 12.000000
90.664794 80.091272 12.000000
90.615348 79.338694 12.000000
90.535530 78.575809 12.000000
90.433393 77.815598 12.000000
90.316985 77.071041 12.000000
90.180302 76.333307 12.000000
89.980317 75.550231 12.000000
89.720237 74.758246 12.000000
89.407898 74.001672 12.000000
89.051137 73.324830 12.000000
88.657790 72.772040 12.000000
88.213433 72.365427 12.000000
87.613853 72.007017 12.000000
86.893269 71.689732 12.000000
86.109289 71.426509 12.000000
85.319521 71.230285 12.000000
84.575146 71.109648 12.000000
83.831081 71.014710 12.000000
83.071407 70.929728 12.000000
82.304595 70.857206 12.000000
81.539114 70.799645 12.000000
80.783435 70.759546 12.000000
80.046027 70.739411 12.000000
79.327645 70.767737 12.000000
78.605858 70.939906 12.000000
77.888916 71.233324 12.000000
77.188761 71.612240 12.000000
76.517332 72.040902 12.000000
75.886570 72.483558 12.000000
75.304445 72.913098 12.000000
74.738602 73.399549 12.000000
74.193654 73.951641 12.000000
73.687913 74.550423 12.000000
73.239688 75.176945 12.000000
72.867238 75.812282 12.000000
72.524348 76.472722 12.000000
72.188980 77.173742 12.000000
71.904943 77.900571 12.000000
71.716046 78.638437 12.000000
71.663075 79.373684 12.000000
71.670982 80.130676 12.000000
71.689933 80.911187 12.000000
71.719421 81.696547 12.000000
71.758938 82.468089 12.000000
71.807978 83.207144 12.000000
71.866059 83.895051 12.000000
72.054734 84.552509 12.000000
72.445898 85.198671 12.000000
72.975527 85.815782 12.000000
73.579600 86.386088 12.000000
74.194093 86.891835 12.000000
74.776599 87.333906 12.000000
75.415161 87.789415 12.000000
76.104830 88.197099 12.000000
76.817506 88.471331 12.000000
77.526483 88.538055 12.000000
78.235946 88.536110 12.000000
78.952852 88.527003 12.000000
79.677677 88.505154 12.000000
80.410900 88.464982 12.000000
81.152996 88.400907 12.000000
81.904443 88.307349 12.000000
80.467843 81.877076 13.000000
80.773439 81.897058 13.000000
81.062503 81.912642 13.000000
81.332059 81.924374 13.000000
81.579131 81.932800 13.000000
81.800743 81.938468 13.000000
81.993920 81.941925 13.000000
82.155687 81.943717 13.000000
82.283066 81.944391 13.000000
82.373084 81.944495 13.000000
82.440456 81.912426 13.000000
82.504917 81.815350 13.000000
82.566286 81.661107 13.000000
82.624341 81.457605 13.000000
82.678864 81.212754 13.000000
82.729635 80.934461 13.000000
82.776434 80.630635 13.000000
82.819042 80.309185 13.000000
82.857239 79.978020 13.000000
82.890805 79.645048 13.000000
82.919521 79.318178 13.000000
82.943167 79.005319 13.000000
82.961525 78.714380 13.000000
82.974373 78.453268 13.000000
82.981493 78.229893 13.000000
82.979907 78.049343 13.000000
82.929626 77.875332 13.000000
82.823481 77.697259 13.000000
82.669154 77.518717 13.000000
82.474324 77.343295 13.000000
82.246672 77.174585 13.000000
81.993878 77.016177 13.000000
81.723623 76.871664 13.000000
81.443587 76.744635 13.000000
81.161451 76.638682 13.000000
80.884895 76.557396 13.000000
80.621599 76.504368 13.000000
80.379245 76.483188 13.000000
80.145874 76.489609 13.000000
79.897511 76.512135 13.000000
79.638818 76.549025 13.000000
79.374776 76.598658 13.000000
79.110366 76.659412 13.000000
78.850568 76.729664 13.000000
78.600363 76.807793 13.000000
78.364732 76.892176 13.000000
78.148655 76.981193 13.000000
77.957114 77.073221 13.000000
77.781265 77.179922 13.000000
77.599683 77.322934 13.000000
77.416765 77.497378 13.000000
77.237560 77.697734 13.000000
77.067114 77.918482 13.000000
76.910474 78.154099 13.000000
76.772686 78.399066 13.000000
76.658798 78.647862 13.000000
76.573858 78.894965 13.000000
76.522910 79.134854 13.000000
76.510709 79.363280 13.000000
76.531440 79.609881 13.000000
76.578012 79.878831 13.000000
76.646402 80.156194 13.000000
76.732583 80.428034 13.000000
76.832533 80.680415 13.000000
76.942224 80.899401 13.000000
77.057633 81.071058 13.000000
77.179349 81.189833 13.000000
77.331987 81.297383 13.000000
77.517227 81.399300 13.000000
77.731966 81.492899 13.000000
77.973105 81.575497 13.000000
78.237543 81.644411 13.000000
78.522180 81.696958 13.000000
78.823914 81.730454 13.000000
79.139646 81.742215 13.000000
79.139646 81.742215 13.000000
79.481615 81.785264 13.000000
79.818955 81.821725 13.000000
80.148690 81.852147 13.000000
80.467843 81.877076 13.000000
